0 0.3785699078125 0.3592768140625 0.36632922031250004 0.3592768140625 0.36614375625 0.35630937500000004 0.3420333125 0.35630937500000004 0.3420333125 0.3516727515625 0.3092060171875 0.35185821562499997 0.309020553125 0.373557615625 0.3785699078125 0.373557615625 0.3785699078125 0.3592768140625
0 0.321446703125 0.3935878296875 0.33609843437500003 0.39377329375 0.33609843437500003 0.376895984375 0.2999327703125 0.3770814484375 0.2991909109375 0.41065060468750003 0.3212612390625 0.41065060468750003 0.321446703125 0.3935878296875
0 0.37894083749999996 0.392104109375 0.4236378890625 0.3919186453125 0.4238233546875 0.374299475 0.4106553421875 0.374299475 0.41046987812499997 0.37671051875 0.3973018671875 0.37671051875 0.3971164015625 0.374114009375 0.390068734375 0.374114009375 0.3902541984375 0.37652505468749997 0.3553867890625 0.3763395890625 0.3553867890625 0.39785352343749997 0.37894083749999996 0.39785352343749997 0.37894083749999996 0.392104109375
0 0.45704378125 0.35055898124999996 0.43831597499999997 0.350719046875 0.43847604218749997 0.37472905624999997 0.45720384843749995 0.3745689890625 0.45704378125 0.35055898124999996
0 0.5743750000000001 0.4646875 0.60453125 0.47671875 0.6253124999999999 0.42625 0.61765625 0.41968750000000005 0.6078125 0.41953125 0.59703125 0.41234374999999995 0.590625 0.4125 0.578125 0.44640625 0.5815625 0.448125 0.5743750000000001 0.4646875
0 0.5684375 0.5171875 0.5546875 0.5121875 0.5504687500000001 0.5231250000000001 0.5675 0.5290625 0.5684375 0.5171875
0 0.5759375 0.51953125 0.56796875 0.52921875 0.5859375 0.53609375 0.5903125 0.525625 0.5759375 0.51953125
0 0.7190410328125 0.645345971875 0.7434026171875 0.5927507640624999 0.7077475843750001 0.5790372890625 0.7051662234375 0.5843613453125001 0.6801593 0.5740359046875 0.6685431796875 0.600333509375 0.69177541875 0.6088842640625 0.689194059375 0.615983003125 0.664832475 0.6074322484375 0.659024415625 0.6205003828125 0.6685431796875 0.6243724234375 0.6685431796875 0.62872846875 0.7190410328125 0.645345971875
0 0.6806433046875 0.6950371515625 0.6953247890625 0.6532513875 0.6620897796875 0.6416352671875 0.6595084203125 0.6484113375 0.636921521875 0.6392152421875 0.6253054015624999 0.669546221875 0.646924290625 0.6764836265625 0.64676295625 0.6839050359375001 0.6806433046875 0.6950371515625
0 0.65546875 0.75171875 0.665625 0.7346874999999999 0.6628125 0.72890625 0.66484375 0.72359375 0.6704687500000001 0.7228125000000001 0.67421875 0.708125 0.6453125 0.6965625 0.6434375 0.7015625 0.6248437499999999 0.6951562499999999 0.6109375 0.72953125 0.6290625000000001 0.7365625 0.6285937500000001 0.7415625 0.65546875 0.75171875
0 0.5422589890625 0.6786011484375 0.4976591703125 0.6786011484375 0.49717438906250006 0.7036481484375 0.5425821765625 0.703809740625 0.5422589890625 0.6786011484375
0 0.5616502140625 0.7170604125 0.550823446875 0.7282103671875 0.5708610453125 0.7348357015625 0.575385665625 0.7223929984375 0.5616502140625 0.7170604125
0 0.5351488734375 0.777819584375 0.5388655250000001 0.777819584375 0.5388655250000001 0.7572972046875 0.5270691953125 0.7572972046875 0.5272307890625 0.7501870890625 0.5125257765625 0.7500254953125001 0.5123641828125 0.763922540625 0.4979823578125 0.763760946875 0.4981439515625 0.7991499328125 0.5351488734375 0.7989883390625 0.5351488734375 0.777819584375
0 0.5684375 0.80890625 0.60328125 0.8087500000000001 0.6034375 0.7734375 0.555625 0.7731250000000001 0.55578125 0.7893749999999999 0.5684375 0.7892187500000001 0.5684375 0.80890625
0 0.6342187499999999 0.7878125 0.60703125 0.7878125 0.6071875 0.7982812499999999 0.6342187499999999 0.79859375 0.6342187499999999 0.7878125
0 0.6342187499999999 0.79875 0.60703125 0.79875 0.60703125 0.81125 0.634375 0.8115625 0.6342187499999999 0.79875
0 0.61875 0.8765625 0.6284375 0.8764062499999999 0.6285937500000001 0.87328125 0.63359375 0.8731249999999999 0.63359375 0.83265625 0.62765625 0.83265625 0.62765625 0.8123437499999999 0.6068749999999999 0.8123437499999999 0.60734375 0.8721875000000001 0.61875 0.8721875000000001 0.61875 0.8765625
0 0.6415625 0.8728125 0.6443749999999999 0.8728125 0.6442187500000001 0.8770312499999999 0.6534375 0.8770312499999999 0.6534375 0.87265625 0.67375 0.87265625 0.67375 0.8768750000000001 0.6837500000000001 0.8768750000000001 0.6837500000000001 0.8740625 0.6896875 0.8740625 0.6896875 0.834375 0.681875 0.834375 0.681875 0.8139062499999999 0.646875 0.8139062499999999 0.646875 0.834375 0.64171875 0.834375 0.6415625 0.8728125
0 0.6228125 0.75515625 0.60671875 0.749375 0.60703125 0.7618750000000001 0.6228125 0.76765625 0.6228125 0.75515625
0 0.6832812500000001 0.7746875 0.6446875000000001 0.7614062500000001 0.6446875000000001 0.7734375 0.6832812500000001 0.78609375 0.6832812500000001 0.7746875