0 0.10885937500000001 0.2546171875 0.089703125 0.2546171875 0.089703125 0.3454765625 0.10885937500000001 0.3454765625 0.10885937500000001 0.2546171875
0 0.1828828125 0.2972890625 0.1613984375 0.2972890625 0.1613984375 0.30977343749999997 0.1828828125 0.30977343749999997 0.1828828125 0.2972890625
0 0.18955468749999999 0.313546875 0.1599453125 0.313546875 0.1599453125 0.33967187499999996 0.18955468749999999 0.33967187499999996 0.18955468749999999 0.313546875
0 0.446734375 0.5248671875 0.386359375 0.5248671875 0.386359375 0.5376328125 0.446734375 0.5376328125 0.446734375 0.5248671875
0 0.45953125000000006 0.52546875 0.44625000000000004 0.52546875 0.44625000000000004 0.56078125 0.45953125000000006 0.56078125 0.45953125000000006 0.52546875
0 0.4359375 0.5846875 0.4 0.5846875 0.4 0.59765625 0.4359375 0.59765625 0.4359375 0.5846875
0 0.45859375 0.59765625 0.41671874999999997 0.59765625 0.41671874999999997 0.6203125 0.45859375 0.6203125 0.45859375 0.59765625
0 0.41640625 0.6029687499999999 0.39859374999999997 0.6029687499999999 0.39859374999999997 0.61953125 0.41640625 0.61953125 0.41640625 0.6029687499999999
0 0.39890625 0.6107812499999999 0.38375 0.6107812499999999 0.38375 0.6190625 0.39890625 0.6190625 0.39890625 0.6107812499999999
0 0.629375 0.60765625 0.61203125 0.60765625 0.61203125 0.635 0.629375 0.635 0.629375 0.60765625
0 0.629375 0.6353125000000001 0.6115625 0.6353125000000001 0.6115625 0.65125 0.629375 0.65125 0.629375 0.6353125000000001
0 0.7046875 0.2660390625 0.68759375 0.2660390625 0.68759375 0.2834609375 0.7046875 0.2834609375 0.7046875 0.2660390625
0 0.7602265625 0.40571875 0.7245859375 0.40571875 0.7245859375 0.42659375 0.7602265625 0.42659375 0.7602265625 0.40571875
0 0.7388828125 0.6149921875000001 0.7214296874999999 0.6149921875000001 0.7214296874999999 0.6376640625000001 0.7388828125 0.6376640625000001 0.7388828125 0.6149921875000001
0 0.8592297515625 0.6594238296875 0.8853138828124999 0.6594238296875 0.8853138828124999 0.618588671875 0.8594096421874999 0.61840878125 0.8594096421874999 0.6297418859375 0.82361141875 0.6299217765625 0.823431528125 0.6509689734374999 0.8592297515625 0.6509689734374999 0.8592297515625 0.6594238296875
0 0.8595895328125 0.6117528296875 0.8851339921875001 0.6121126109375 0.8853138828124999 0.5786529671875 0.8583302984375001 0.5786529671875 0.8585101890625 0.5849491359375001 0.8290081359375 0.5851290265625 0.8290081359375 0.6038376453125001 0.8594096421874999 0.6038376453125001 0.8595895328125 0.6117528296875
0 0.8851339921875001 0.5500503671875 0.8547324875 0.5498704765625 0.8547324875 0.5563465359374999 0.8311668234375 0.5559867546875 0.8313467140625 0.5737959218750001 0.8853138828124999 0.5739758125 0.8851339921875001 0.5500503671875
0 0.861568328125 0.5227070015625 0.8362037593749999 0.5225271109375 0.8362037593749999 0.5405161671875 0.860848765625 0.5405161671875 0.860848765625 0.5455531031249999 0.890530709375 0.54573299375 0.8907106 0.5228868921875 0.8941285203125 0.518029846875 0.8941285203125 0.5074163031250001 0.892149725 0.5074163031250001 0.892149725 0.49806199375000004 0.8953877546875001 0.497882103125 0.8953877546875001 0.49032669999999995 0.8917899437499999 0.487268559375 0.8617482187500001 0.48708866874999995 0.861568328125 0.48996691875 0.8371032109375 0.48996691875 0.8374629921875 0.5158711593749999 0.861568328125 0.51605105 0.861568328125 0.5227070015625
0 0.75070833125 0.3141710921875 0.77702136875 0.3143442046875 0.77719448125 0.29755233125 0.7808298359375 0.29755233125 0.7810029468749999 0.280760459375 0.7434376234375 0.280760459375 0.7436107359374999 0.30741972031250003 0.75070833125 0.30741972031250003 0.75070833125 0.3141710921875
0 0.60609375 0.84140625 0.59703125 0.84109375 0.596875 0.8271875 0.5465625000000001 0.826875 0.54625 0.86640625 0.60609375 0.866875 0.60609375 0.84140625
0 0.6425 0.76015625 0.6325000000000001 0.76015625 0.63234375 0.7381249999999999 0.6095312500000001 0.7381249999999999 0.6095312500000001 0.77109375 0.64234375 0.77140625 0.6425 0.76015625
0 0.5873437499999999 0.73734375 0.6174999999999999 0.73734375 0.6174999999999999 0.714375 0.588125 0.71421875 0.58796875 0.7212500000000001 0.55265625 0.72078125 0.55234375 0.770625 0.5873437499999999 0.77046875 0.5873437499999999 0.73734375
0 0.59984375 0.6478125 0.58765625 0.6478125 0.5875 0.6159375 0.5584374999999999 0.6159375 0.5584374999999999 0.66875 0.59984375 0.66890625 0.59984375 0.6478125
0 0.1940657390625 0.5635306234375 0.21168163906249998 0.5638016375 0.211410625 0.5751842203125 0.22767145625000001 0.5754552328125 0.22767145625000001 0.5635306234375 0.24664242500000003 0.5635306234375 0.25043661875 0.3852035125 0.171300575 0.38303540156250004 0.16994550625 0.4716569296875 0.1940657390625 0.47192794375 0.1940657390625 0.5635306234375
0 0.34610450625 0.5922580921875 0.3498987 0.565427721875 0.36751460156250004 0.5681378593749999 0.37022473906250003 0.5545871671875 0.3225263015625 0.546727765625 0.31629298437500003 0.6093319640625 0.3593841859375 0.6106870328125 0.3623653375 0.595781271875 0.34610450625 0.5922580921875
0 0.23828125 0.31625000000000003 0.25625 0.3159375 0.25625 0.30109375 0.2621875 0.30109375 0.2625 0.2815625 0.2577539921875 0.281405209375 0.2577539921875 0.2659574203125 0.2287555109375 0.26568640625 0.2284375 0.28109375000000003 0.2384375 0.28109375000000003 0.23828125 0.31625000000000003