0 0.9023243843750001 1 0.9023243843750001 0.8051725234375 0.5884216828125 0.8083154796875001 0.5880288124999999 0.9116401484375001 0.544420303125 0.9136044953125 0.5446877812500001 1 0.9023243843750001 1
0 0.303961653125 1 0.3043600125 0.9002108249999999 0.207615078125 0.9002108249999999 0.207615078125 1 0.303961653125 1
0 0.3048058421875 0.99383495625 0.359642834375 0.9942807859375 0.35919700468750004 0.9416729406250001 0.3048058421875 0.9416729406250001 0.3048058421875 0.99383495625
0 0.3048058421875 0.9416729406250001 0.43142133437499997 0.9412271109375 0.4309755046875 0.7891993546875 0.3048058421875 0.7896451843750001 0.3048058421875 0.9416729406250001
0 0.3101557921875 0.17529255 0.3043600125 0.7900910140625 0.43142133437499997 0.7891993546875 0.43142133437499997 0.45482745781249995 0.4782334 0.45527328593750005 0.4795708875 0.174846721875 0.3101557921875 0.17529255
0 0.7238852875 0.40043629531249997 0.722101971875 0.4731064546875 0.962403909375 0.47444394218749997 0.9686455171875 0.15210943125 0.730126896875 0.148988628125 0.7270060921875 0.2577709515625 0.648540153125 0.2586626109375 0.648540153125 0.400882125 0.7238852875 0.40043629531249997
0 0.7225478 0.4731064546875 0.719426996875 0.6710546171875 0.9561623000000001 0.6710546171875 0.9606205921875001 0.4735522828125 0.7225478 0.4731064546875
0 0.21065709687499998 0.6329165109375 0.3077747421875 0.6311718828124999 0.3095193703125 0.1857101125 0.0321234640625 0.1810577703125 0.026889578125 0.547429721875 0.2094940125 0.5491743515625 0.21065709687499998 0.6329165109375
0 0.209876484375 0.6302696421875 0.20917243281250003 0.9003426015624999 0.30330401406249996 0.9017572375 0.3046580375 0.6309466687499999 0.209876484375 0.6302696421875
0 0.6357164625 0.6702142 0.4312591109375 0.6661520421875 0.43058209999999997 0.788693825 0.64173670625 0.79067841875 0.643163584375 0.7372398171875 0.6357164625 0.7121898390625 0.6357164625 0.6702142
0 0.643163584375 0.7358857640625 0.640455540625 0.790724903125 0.9551596453125001 0.7920322984375 0.95188064375 0.66682906875 0.6350394515625 0.6702142 0.6350394515625 0.7115128125 0.643163584375 0.7358857640625