0 0.3093380296875 0.5594010390624999 0.2884060125 0.5592387171875 0.2884060125 0.590565740625 0.309824825 0.590241109375 0.309824825 0.5983569140625 0.2882437328125 0.5983569140625 0.288081475 0.6282230796875 0.30966254531250004 0.6278984484375 0.309824825 0.633417190625 0.3450360515625 0.63325488125 0.345522846875 0.5175234765625001 0.3086889765625 0.5175234765625001 0.308851234375 0.5246653875 0.288252121875 0.5245270609375 0.2879192171875 0.5532330234375 0.3093380296875 0.5532330234375 0.3093380296875 0.5594010390624999
0 0.7212914265625 0.6289135578125 0.7462866953125 0.6287714890625 0.7464287281249999 0.5854418375 0.72185951875 0.58529976875 0.7217174859375 0.5918347328125 0.7043914265625 0.59189453125 0.7041071984375 0.625219875 0.7211494125 0.62465161875 0.7212914265625 0.6289135578125
0 0.7191867890625 0.760728090625 0.7495413484375 0.7605813984375 0.749688003125 0.7234693953125 0.720799834375 0.7231760203125 0.7206532 0.729043528125 0.7030563437499999 0.729043528125 0.7030563437499999 0.758087709375 0.7193334250000001 0.7579410171875 0.7191867890625 0.760728090625
0 0.71977335 0.8072535328124999 0.7515943171874999 0.8069601484375 0.7511543921875 0.766474325 0.7193334250000001 0.766474325 0.7193334250000001 0.7705815796875 0.7015390406249999 0.770615109375 0.7018832234375 0.8027062109375 0.71977335 0.8025595187500001 0.71977335 0.8072535328124999
0 0.7193334250000001 0.852446071875 0.751740971875 0.8522993796874999 0.751740971875 0.8125469984375 0.7194800796874999 0.8128403734375 0.7194800796874999 0.8170943203125001 0.7012163703125001 0.8170795875 0.7008567390625 0.84789875 0.7194800796874999 0.84775205625 0.7193334250000001 0.852446071875
0 0.7010033734375 0.833083284375 0.68766423125 0.8333744218750001 0.6875124578125 0.8468719328125 0.7008567390625 0.8468719328125 0.7010033734375 0.833083284375
0 0.6213776375 0.8190012609374999 0.60612703125 0.8191479421875 0.60612703125 0.848632190625 0.6213776375 0.848632190625 0.6213776375 0.8190012609374999
0 0.6213121687500001 0.7746639296875 0.6064226765625 0.77470703125 0.6064002312500001 0.80051965625 0.6210281421875 0.800661715625 0.6213121687500001 0.7746639296875
0 0.6206020828125001 0.72820885625 0.6062664265625 0.72814453125 0.6058321578125 0.7559114234375001 0.6206020828125001 0.7560534828125001 0.6206020828125001 0.72820885625
0 0.6074300046875 0.592726378125 0.6076302640625 0.622441034375 0.6212072281250001 0.6224985359375 0.621399765625 0.592926009375 0.6074300046875 0.592726378125
0 0.472736653125 0.7584623234375 0.49632079375 0.7586053078125 0.49632079375 0.754172915625 0.50375336875 0.754172915625 0.5038963171875 0.7277215484374999 0.49660667187499996 0.7277215484374999 0.49646374218749995 0.7234321375 0.4728796015625 0.7235751171875 0.4728796015625 0.7198576296875 0.4417714828125 0.7202495453125 0.441434078125 0.7634666343750001 0.4728796015625 0.763180675 0.472736653125 0.7584623234375
0 0.308218228125 0.960050865625 0.34479486875 0.960050865625 0.34427481875 0.9142719578125 0.3085649359375 0.9137517515625 0.30839159375 0.92086135 0.2805108890625 0.9208286640625 0.2801357 0.9529412671875 0.30839159375 0.9525944578125 0.308218228125 0.960050865625
0 0.5919414093750001 0.9014997859375 0.5769013625 0.9011989968749999 0.576672725 0.9135952093749999 0.5919414093750001 0.9138226921875001 0.5919414093750001 0.9014997859375
0 0.5014028828125 0.9184253953124999 0.5212854890624999 0.9184253953124999 0.5212854890624999 0.901803859375 0.4732976765625 0.90220703125 0.47328321406249996 0.9214087546874999 0.50126086875 0.9216928828125001 0.5014028828125 0.9184253953124999