0 0.4040859375 0.2793671875 0.3810390625 0.2793671875 0.3810390625 0.34207031250000003 0.4040859375 0.34207031250000003 0.4040859375 0.2793671875
0 0.3715625 0.32734375 0.38140625 0.32734375 0.38125 0.3090625 0.37671875 0.30921875 0.37671875 0.27937500000000004 0.35234375 0.27921874999999996 0.3525 0.34109375000000003 0.37171875 0.34125 0.3715625 0.32734375
0 0.29093749999999996 0.33671875 0.31109375 0.33671875 0.31062500000000004 0.27234375 0.28500000000000003 0.27234375 0.28484375 0.30046875 0.29093749999999996 0.3003125 0.29093749999999996 0.33671875
0 0.2535692859375 0.40549480000000004 0.2775618453125 0.40549480000000004 0.2775618453125 0.3850687015625 0.253407175 0.3850687015625 0.253407175 0.3819885765625 0.22293013906249998 0.3818264640625 0.22276802812500002 0.412951946875 0.2535692859375 0.412951946875 0.2535692859375 0.40549480000000004
0 0.3961953125 0.40542187500000004 0.3677734375 0.40542187500000004 0.3677734375 0.419296875 0.3961953125 0.419296875 0.3961953125 0.40542187500000004
0 0.40907031250000003 0.4014609375 0.3966796875 0.4014609375 0.3966796875 0.4194765625 0.40907031250000003 0.4194765625 0.40907031250000003 0.4014609375
0 0.4085859375 0.5584609375 0.3985078125 0.5584609375 0.3985078125 0.5771328125 0.4085859375 0.5771328125 0.4085859375 0.5584609375
0 0.40859375 0.577296875 0.39437500000000003 0.577296875 0.39437500000000003 0.592828125 0.40859375 0.592828125 0.40859375 0.577296875
0 0.40940624999999997 0.6243828125 0.36709375 0.6243828125 0.36709375 0.6463671875 0.40940624999999997 0.6463671875 0.40940624999999997 0.6243828125
0 0.31339843749999996 0.62653125 0.2988515625 0.62653125 0.2988515625 0.6407499999999999 0.31339843749999996 0.6407499999999999 0.31339843749999996 0.62653125
0 0.40528125 0.82484375 0.3864375 0.82484375 0.3864375 0.8512812500000001 0.40528125 0.8512812500000001 0.40528125 0.82484375
0 0.27389966875 0.5136689296875 0.2904253734375 0.5138341859375 0.2902601171875 0.49400334062500006 0.2742301828125 0.49400334062500006 0.27406492656250003 0.4883846 0.24531019999999998 0.487723571875 0.24497968593750002 0.5235843515624999 0.27389966875 0.523749609375 0.27389966875 0.5136689296875
0 0.274560696875 0.5782844359375 0.2919126875 0.5784496921875 0.2919126875 0.557462046875 0.2742301828125 0.557462046875 0.2742301828125 0.5520085640625 0.2451449421875 0.5518433078125 0.2444839140625 0.5888608859375 0.274395440625 0.5888608859375 0.274560696875 0.5782844359375
0 0.29951451093750003 0.618111384375 0.27770058125 0.618111384375 0.27770058125 0.6126579015625 0.24299659999999998 0.6124926453125 0.2426660859375 0.636289659375 0.2988534828125 0.6369506875 0.29951451093750003 0.618111384375