0 0.5054432015625 0.0197704921875 0.5295767140625001 0.0197704921875 0.5293836453125 0.0023943625 0.5054432015625 0.0023943625 0.5052501328125001 0.0050973156249999995 0.4913492296875 0.0050973156249999995 0.491928434375 0.016295265625 0.5054432015625 0.016102196875 0.5054432015625 0.0197704921875
0 0.5291905765625 0.0249833296875 0.5046709296875 0.02459719375 0.5044778609375 0.0276862828125 0.491928434375 0.027493215625 0.49154229843749997 0.042166390625 0.528997509375 0.0429386625 0.5291905765625 0.0249833296875
0 0.4637404921875 0.0489237734375 0.44829504531250003 0.0489237734375 0.44810197656249995 0.0637900171875 0.46354742499999996 0.06359695 0.4637404921875 0.0489237734375
0 0.46065140312499997 0.099700684375 0.44713663593749997 0.099700684375 0.44713663593749997 0.1147599953125 0.460458334375 0.1145669265625 0.46065140312499997 0.099700684375
0 0.5261014875 0.10510659062500001 0.5609375 0.1053125 0.56078125 0.05625 0.5275000000000001 0.056406250000000005 0.5276562499999999 0.059843749999999994 0.503126384375 0.0593494515625 0.503126384375 0.0612801328125 0.48961161718749996 0.060893996875 0.48999775312500005 0.099700684375 0.5261014875 0.099700684375 0.5261014875 0.10510659062500001
0 0.8187044796875 0 0.8183622484375 0.0311429203125 0.8401544765625 0.0313145125 0.8403260687499999 0.00008470625 0.829653071875 0 0.8187044796875 0
0 0.839124921875 0.07095234375000001 0.7799255640625 0.07043756718750001 0.7797539718750001 0.08793998593749999 0.839124921875 0.08793998593749999 0.839124921875 0.07095234375000001
0 0.798800721875 0.1008094109375 0.78009715625 0.100981003125 0.7797539718750001 0.125518709375 0.7986291296875 0.1253471171875 0.798800721875 0.1008094109375
0 0.791937028125 0.172020234375 0.8015462 0.172020234375 0.8015462 0.156748515625 0.7799255640625 0.156748515625 0.7802687484375 0.176481634375 0.791937028125 0.1768248203125 0.791937028125 0.172020234375
0 0.66515625 0.10874999999999999 0.68484375 0.10874999999999999 0.6849999999999999 0.10093749999999999 0.70140625 0.10093749999999999 0.70140625 0.06828125 0.6853125 0.06828125 0.6853125 0.062343749999999996 0.66796875 0.062343749999999996 0.6678124999999999 0.06015625 0.65125 0.060312500000000005 0.6515625 0.10609375000000001 0.66515625 0.10593749999999999 0.66515625 0.10874999999999999
0 0.76484375 0.07125000000000001 0.7528125 0.07109375 0.753125 0.10296875000000001 0.765 0.103125 0.76484375 0.07125000000000001
0 0.687264696875 0.2747561265625 0.7085536625 0.2747561265625 0.7085536625 0.25181542968750004 0.687264696875 0.25181542968750004 0.687264696875 0.24447440625 0.6549641953124999 0.24429088124999998 0.6549641953124999 0.279527790625 0.687264696875 0.2798948421875 0.687264696875 0.2747561265625
0 0.7447082015625 0.2406203703125 0.7276403234375 0.2406203703125 0.7276403234375 0.2516319046875 0.7447082015625 0.25181542968750004 0.7447082015625 0.2406203703125
0 0.79109375 0.28234375 0.7787499999999999 0.28234375 0.7790625 0.2990625 0.79109375 0.2990625 0.79109375 0.28234375
0 0.78703125 0.3 0.7787499999999999 0.29984375 0.77859375 0.31390625 0.78703125 0.3140625 0.78703125 0.3
0 0.7253125 0.375625 0.6915625000000001 0.375625 0.691875 0.39734375 0.725 0.39734375 0.7253125 0.375625
0 0.7253125 0.40031249999999996 0.69140625 0.40046875000000004 0.690625 0.4190625 0.7253125 0.41875 0.7253125 0.40031249999999996
0 0.725 0.4221875 0.6915625000000001 0.4221875 0.6910937500000001 0.45437500000000003 0.72484375 0.45453124999999994 0.725 0.4221875
0 0.70828125 0.46187500000000004 0.6910937500000001 0.46203125 0.6910937500000001 0.45499999999999996 0.65078125 0.45515625000000004 0.65109375 0.48140625000000004 0.70828125 0.48140625000000004 0.70828125 0.46187500000000004
0 0.7681250000000001 0.48 0.7528125 0.48 0.75265625 0.4996875 0.7681250000000001 0.4996875 0.7681250000000001 0.48
0 0.689375 0.64546875 0.71578125 0.6453125 0.715625 0.62625 0.65046875 0.62609375 0.650625 0.65125 0.689375 0.65125 0.689375 0.64546875
0 0.76484375 0.621875 0.75328125 0.621875 0.753125 0.6443749999999999 0.76484375 0.64453125 0.76484375 0.621875
0 0.765 0.6640625 0.7521875 0.6640625 0.7521875 0.68203125 0.765 0.6821875000000001 0.765 0.6640625
0 0.6889062499999999 0.68296875 0.71578125 0.6828125 0.71578125 0.6634375 0.65 0.66328125 0.64953125 0.68984375 0.6889062499999999 0.6900000000000001 0.6889062499999999 0.68296875
0 0.6889062499999999 0.7201562499999999 0.7153125 0.7201562499999999 0.7153125 0.703125 0.6498437499999999 0.703125 0.65015625 0.7264062499999999 0.6889062499999999 0.7265625 0.6889062499999999 0.7201562499999999
0 0.76515625 0.7028125000000001 0.7525000000000001 0.7028125000000001 0.753125 0.7212500000000001 0.7653125000000001 0.7212500000000001 0.76515625 0.7028125000000001
0 0.646875 0.7810937499999999 0.646875 0.7892187500000001 0.6328125 0.7890625 0.6326562499999999 0.8153124999999999 0.7159375 0.815625 0.7159375 0.7846875 0.7067187500000001 0.7846875 0.7068749999999999 0.76875 0.69078125 0.76875 0.688125 0.7734375 0.6832812500000001 0.7734375 0.683125 0.76625 0.6470312500000001 0.76640625 0.6407812500000001 0.77046875 0.640625 0.77734375 0.646875 0.7810937499999999
0 0.6834374999999999 0.76609375 0.6834374999999999 0.7581249999999999 0.68875 0.754375 0.7178125 0.754375 0.7178125 0.7379687500000001 0.6934375 0.7379687500000001 0.6900000000000001 0.7423437500000001 0.64671875 0.7418750000000001 0.64671875 0.74921875 0.64109375 0.75171875 0.64109375 0.76125 0.64625 0.7621875 0.64625 0.76640625 0.6834374999999999 0.76609375
0 0.76453125 0.7618750000000001 0.764375 0.7368750000000001 0.74265625 0.73671875 0.7424999999999999 0.7453125 0.72984375 0.74515625 0.72453125 0.7540625000000001 0.743125 0.75390625 0.743125 0.7615624999999999 0.76453125 0.7618750000000001
0 0.7654687499999999 0.81078125 0.7654687499999999 0.76265625 0.748125 0.76265625 0.748125 0.77796875 0.7342187499999999 0.77796875 0.7267187500000001 0.78828125 0.74703125 0.788125 0.74703125 0.81078125 0.7654687499999999 0.81078125
0 0.6703125 0.87578125 0.7029687499999999 0.875625 0.7029687499999999 0.8571875 0.6292187499999999 0.85703125 0.6290625000000001 0.8853125000000001 0.6703125 0.88546875 0.6703125 0.87578125
0 0.7025 0.909375 0.67015625 0.909375 0.67015625 0.90015625 0.62890625 0.90015625 0.62890625 0.9239062499999999 0.7025 0.9239062499999999 0.7025 0.909375
0 0.616828015625 0.9519324328125001 0.610969446875 0.9562845125000001 0.610802059375 0.97653841875 0.616995403125 0.979718784375 0.616995403125 0.988088165625 0.6893068687499999 0.988088165625 0.6893068687499999 0.973860215625 0.658172765625 0.973692828125 0.658172765625 0.9631474062500001 0.6888047046875 0.9633147937500001 0.6886373171875 0.9295024890624999 0.6583401531249999 0.9295024890624999 0.6583401531249999 0.9241460828125 0.616660628125 0.9243134718749999 0.610969446875 0.9293351 0.610802059375 0.938876196875 0.616660628125 0.94222395 0.616828015625 0.9519324328125001
0 0.7025304921875 1 0.7025304921875 0.988255553125 0.68947425625 0.988255553125 0.6854569515625 0.9929424078125001 0.6273734375 0.9929424078125001 0.62728295625 1 0.7025304921875 1
0 0.78645785625 1 0.78640625 0.994375 0.774375 0.9942187499999999 0.7744270828125 1 0.78645785625 1
0 0.7871875 0.9415625000000001 0.775 0.94140625 0.7748437499999999 0.9784375000000001 0.78703125 0.978125 0.7871875 0.9415625000000001
0 0.8909318374999999 0.982941528125 0.9211723609375 0.982941528125 0.9211723609375 0.9413163359375 0.89199915 0.9413163359375 0.89199915 0.9470086703125 0.858912459375 0.9470086703125 0.858912459375 0.9776049656250001 0.8909318374999999 0.9774270796875 0.8909318374999999 0.982941528125
0 0.7984314109375 0.7602289640625 0.7877582859375 0.7602289640625 0.7865130875 0.806301290625 0.7984314109375 0.806301290625 0.7984314109375 0.7602289640625
0 0.8736769499999999 0.8070128328124999 0.91192231875 0.80719071875 0.911744434375 0.7575606828125 0.8752779187499999 0.7577385671875 0.8752779187499999 0.765387640625 0.8281382796875001 0.765387640625 0.8274267375000001 0.7981185609375 0.8738548359375 0.7981185609375 0.8736769499999999 0.8070128328124999
0 0.8720759812500001 0.7230509078125 0.8722538671875 0.7282095859375 0.858912459375 0.7283874703125 0.8587345734375 0.7356807734374999 0.8414796875 0.7356807734374999 0.8413018015624999 0.7459981296875 0.90978769375 0.7465317859375 0.9099655796875 0.7232287937499999 0.8720759812500001 0.7230509078125
0 0.7884698265625001 0.6992142593749999 0.774950534375 0.6990363734375 0.7747726484374999 0.7413731078125 0.7884698265625001 0.741195221875 0.7884698265625001 0.6992142593749999
0 0.7898929109374999 0.670218934375 0.7745947640625 0.670218934375 0.774950534375 0.68978633125 0.7898929109374999 0.68978633125 0.7898929109374999 0.670218934375
0 0.872431753125 0.7125556671875 0.9106771203124999 0.7125556671875 0.9106771203124999 0.6904978734375 0.8437921968750001 0.6908536437499999 0.84414796875 0.70810853125 0.8722538671875 0.70810853125 0.872431753125 0.7125556671875
0 0.8948453171875 0.6495842234375 0.93131183125 0.649762109375 0.93131183125 0.6255696890625 0.8774125453125 0.625747575 0.8772346593749999 0.6430024624999999 0.8948453171875 0.6430024624999999 0.8948453171875 0.6495842234375
0 0.8731432937499999 0.6796468625000001 0.9106771203124999 0.6798247468749999 0.9106771203124999 0.6552765578125 0.8450373953125 0.6554544421874999 0.844681625 0.6748439546875 0.8731432937499999 0.6748439546875 0.8731432937499999 0.6796468625000001
0 0.8893308687499999 0.575405996875 0.9062299843750001 0.575405996875 0.9062299843750001 0.5396510250000001 0.8882635562500001 0.5394731390625 0.8882635562500001 0.5451654734375 0.8455710515625 0.5449875875 0.8453931671875001 0.562242475 0.8893308687499999 0.562242475 0.8893308687499999 0.575405996875
0 0.8649605640625 0.4891315609375 0.8649605640625 0.496246978125 0.8558884078125001 0.496246978125 0.8560662921875 0.510299928125 0.912278090625 0.510833584375 0.912278090625 0.48895367500000003 0.8649605640625 0.4891315609375
0 0.879369284375 0.44056883750000003 0.912455975 0.4407467234375 0.912455975 0.414953334375 0.8797250546875001 0.414953334375 0.879902940625 0.41744373125 0.855710521875 0.41744373125 0.8555326359375 0.40979465781249996 0.840590259375 0.409616771875 0.840412375 0.43558804531249995 0.879369284375 0.43594381562500006 0.879369284375 0.44056883750000003
0 0.80216700625 0.409616771875 0.7793976703125 0.409616771875 0.7792197843750001 0.42847262812500003 0.80216700625 0.42847262812500003 0.80216700625 0.409616771875
0 0.7982535265624999 0.4508861921875 0.7793976703125 0.4508861921875 0.7793976703125 0.473655528125 0.7982535265624999 0.47383341406249996 0.7982535265624999 0.4508861921875
0 0.7893515625 0.5389453125 0.7776171875 0.5389453125 0.7776171875 0.5576171875 0.7893515625 0.5576171875 0.7893515625 0.5389453125
0 0.7952343749999999 0.49125781249999995 0.777796875 0.49125781249999995 0.777796875 0.5327109375 0.7952343749999999 0.5327109375 0.7952343749999999 0.49125781249999995
0 0.8220859375 0.51171875 0.7964765625 0.51171875 0.7964765625 0.53253125 0.8220859375 0.53253125 0.8220859375 0.51171875
0 0.8569557203124999 0.3176500015625 0.882571221875 0.317472115625 0.882571221875 0.3281452421875 0.912811746875 0.3281452421875 0.9126338609375001 0.28794313437499996 0.8816817953125 0.2877652484375 0.881503909375 0.2929239265625 0.8733211796875 0.2929239265625 0.8731432937499999 0.2824286859375 0.8564220640625001 0.2824286859375 0.8565999484375 0.29826048906249997 0.8397008328125001 0.29826048906249997 0.839522946875 0.3117797828125 0.8571336046875 0.3117797828125 0.8569557203124999 0.3176500015625
0 0.8871962437500001 0.19562059375000002 0.9131675171875001 0.1954427078125 0.9131675171875001 0.1664473828125 0.8875520140625 0.166803153125 0.8877299000000001 0.17569742500000002 0.8701192421874999 0.1758753109375 0.8701192421874999 0.1897503734375 0.8871962437500001 0.1897503734375 0.8871962437500001 0.19562059375000002
0 0.907828125 0.1257109375 0.8921718750000001 0.1257109375 0.8921718750000001 0.1468828125 0.907828125 0.1468828125 0.907828125 0.1257109375
0 0.9439416968750001 0.1182404296875 0.9231291015625 0.1182404296875 0.9231291015625 0.12642315937499998 0.9085424953125001 0.12606738906249998 0.9083646109375 0.14670209843749998 0.9441195828125 0.1477694109375 0.9439416968750001 0.1182404296875
0 0.9309531249999999 0.01525 0.9016093749999999 0.01525 0.9016093749999999 0.1054375 0.9309531249999999 0.1054375 0.9309531249999999 0.01525
0 0.9024921875 0 0.9024921875 0.0148984375 0.9323828125 0.0148984375 0.9323828125 0 0.9024921875 0
0 0.3093120671875 0.741501715625 0.35221717343750003 0.740866084375 0.35221717343750003 0.7267232906250001 0.34570195312499996 0.7267232906250001 0.3458608609375 0.69112794375 0.3298111734375 0.6912868515625 0.3304468046875 0.7292658140625 0.3188465359375 0.7289479984375 0.3185287203125 0.7063830921875 0.31407930156249997 0.706224184375 0.31392039375 0.694782821875 0.298824153125 0.694782821875 0.2985063375 0.7308548921875 0.309470975 0.7308548921875 0.3093120671875 0.741501715625
0 0.3685846765625 0.7411839 0.43055871718749994 0.7411839 0.43055871718749994 0.721320425 0.42213660468749997 0.7214793328125 0.4218187890625 0.693352653125 0.4054512859375 0.693352653125 0.40561019375 0.721320425 0.3948044625 0.7214793328125 0.3946455546875 0.6941471921875 0.3727162796875 0.693988284375 0.37351081875 0.7214793328125 0.3685846765625 0.721638240625 0.3685846765625 0.7411839
0 0.2638644375 0.6625245390625001 0.26831385625 0.6733302703125 0.28054975625 0.6733302703125 0.2807086640625 0.662683446875 0.2638644375 0.6625245390625001
0 0.306296875 0.6622109375 0.289609375 0.6622109375 0.289609375 0.6728515625 0.306296875 0.6728515625 0.306296875 0.6622109375
0 0.32440625 0.6620468749999999 0.30740625 0.6620468749999999 0.30740625 0.6734843749999999 0.32440625 0.6734843749999999 0.32440625 0.6620468749999999
0 0.44407031249999995 0.6790546875000001 0.4319921875 0.6790546875000001 0.4319921875 0.6947890625 0.44407031249999995 0.6947890625 0.44407031249999995 0.6790546875000001
0 0.41359375 0.965625 0.39171875 0.965625 0.39171875 0.97828125 0.41359375 0.97828125 0.41359375 0.965625
0 0.43640625 0.9650000000000001 0.41375 0.9650000000000001 0.41375 0.9778125 0.43640625 0.9778125 0.43640625 0.9650000000000001
0 0.35625 0.8540625000000001 0.33421875 0.8540625000000001 0.33421875 0.8671875 0.35625 0.8671875 0.35625 0.8540625000000001
0 0.46203125 0.8526562500000001 0.45 0.8526562500000001 0.45 0.8765625 0.46203125 0.8765625 0.46203125 0.8526562500000001
0 0.46218750000000003 0.87765625 0.449375 0.87765625 0.449375 0.8995312500000001 0.46218750000000003 0.8995312500000001 0.46218750000000003 0.87765625
0 0.46171875 0.9 0.449375 0.9 0.449375 0.9217187499999999 0.46171875 0.9217187499999999 0.46171875 0.9
0 0.46140625 0.9221875 0.44875 0.9221875 0.44875 0.9448437500000001 0.46140625 0.9448437500000001 0.46140625 0.9221875
0 0.46140625 0.9454687500000001 0.44875 0.9454687500000001 0.44875 0.96421875 0.46140625 0.96421875 0.46140625 0.9454687500000001
0 0.46171875 0.9646874999999999 0.44890625 0.9646874999999999 0.44890625 0.9868750000000001 0.46171875 0.9868750000000001 0.46171875 0.9646874999999999
0 0.46203125 1 0.46203125 0.98703125 0.44921875 0.98703125 0.44921875 1 0.46203125 1
0 0.5181250000000001 0.6965625 0.54890625 0.6965625 0.54859375 0.67375 0.5 0.67375 0.5 0.6925 0.5181250000000001 0.69234375 0.5181250000000001 0.6965625
0 0.542692628125 1 0.5431250000000001 0.8534375000000001 0.5076562499999999 0.8535937499999999 0.507882828125 0.8596400546874999 0.4843380421875 0.8596400546874999 0.4846720109375 0.8960426312499999 0.507548859375 0.8957086640625 0.507381875 0.9043918468750001 0.4851729640625 0.9043918468750001 0.4850059796875 0.939625534375 0.507381875 0.93945855 0.507548859375 0.9484757015625 0.4846720109375 0.9486426859374999 0.48567391718749997 0.9800357343749999 0.507548859375 0.97986875 0.507381875 0.9898878078125 0.4855069328125 0.9895538390624999 0.4853975484375 1 0.542692628125 1
0 0.3734375 0.91234375 0.40843749999999995 0.9125 0.40843749999999995 0.8890625 0.41328125 0.8890625 0.41296875 0.9125 0.43171875000000004 0.91234375 0.43187499999999995 0.88890625 0.43609375000000006 0.88890625 0.43578124999999995 0.853125 0.369375 0.8535937499999999 0.36921875000000004 0.8892187500000001 0.3734375 0.8892187500000001 0.3734375 0.91234375