0 1 0.40802717343749995 0.7973262140624999 0.40627998437499996 0.79197395 0.7068988 0.9953599734375 0.710466975 1 0.553170065625 1 0.40802717343749995
0 0.7402354 0.49280825000000006 0.7964341703125 0.4945923375 0.7973262140624999 0.4071720296875 0.7411274437500001 0.404495896875 0.7366672249999999 0.4098481609375 0.6162412890625 0.40806407343749995 0.6153492453125 0.4999446015625 0.7277467843750001 0.4981605125 0.7402354 0.49280825000000006
0 0.170830190625 0 0.163777115625 0.20454377343750002 0.2831747296875 0.208400634375 0.28897462812499997 0 0.170830190625 0
0 0 0.2004103796875 0.1298631875 0.20289714375 0.13311155937500002 0.112545021875 0 0.10932969374999998 0 0.2004103796875
0 0.45025971093750006 0 0.44990569843749995 0.05593515624999999 0.5434112437499999 0.05430287968750001 0.5434394640625 0 0.45025971093750006 0
0 0.3296023640625 0.12041291406250001 0.283997178125 0.1180539703125 0.282424584375 0.20769377968749997 0.3217394 0.20848009374999998 0.330388659375 0.20454852343750002 0.44592082812499995 0.207614421875 0.44676051406250006 0.11726765624999999 0.33353384531249997 0.11569502812500002 0.3296023640625 0.12041291406250001
0 0.44833310624999995 0.0685161828125 0.40032047187500003 0.06766850156250001 0.3980101421875 0.11569502812500002 0.44833310624999995 0.11648134218749999 0.44833310624999995 0.0685161828125
0 0.60952385 0.05593515624999999 0.556841996875 0.055148842187500005 0.55762829375 0.10861820156249999 0.447546809375 0.109404515625 0.44833310624999995 0.20769377968749997 0.776916515625 0.21075927343749998 0.7770049640625001 0.112549771875 0.60952385 0.1101908296875 0.60952385 0.05593515624999999
0 0.777791259375 0.08031089375 0.7196053328125 0.0795245796875 0.7188190359375 0.0535762140625 0.6629919984375 0.0535762140625 0.6614194062500001 0.07637932343750001 0.60952385 0.07637932343750001 0.60952385 0.1101908296875 0.7785775562499999 0.112549771875 0.777791259375 0.08031089375
0 1 0.115634778125 0.777791259375 0.11176345781250001 0.7770049640625001 0.21162535 1 0.213100975 1 0.115634778125
0 0 1 0.05627528281250001 1 0.058437503125 0.7347617734375 0 0.7347617734375 0 1
0 0.42467258125 1 0.42789062031249997 0.6358242 0.31398093125000004 0.6358242 0.3127755375 0.8920691906249999 0.160895953125 0.8914664796875 0.16390943593750001 0.6335064234375001 0.061402659375 0.6304913890625 0.0569548671875 1 0.42467258125 1
0 0.6158249609374999 0.52262009375 0.6146862140625 0.40874122812499997 0.42905560937500004 0.4063303859375 0.42905560937500004 0.521448075 0.6158249609374999 0.52262009375
0 0.6126051953125 1 0.6128781234375 0.9469142109375 0.6116727296875 0.685369503125 0.6146862140625 0.670904453125 0.6146862140625 0.52203498125 0.500776525 0.52203498125 0.5031326015625 0.8944446156250001 0.42664482187499997 0.8944784046875001 0.425300628125 1 0.6126051953125 1
0 0.73634085625 1 0.7352255671875 0.8293935828125001 0.6845990390625001 0.8281881625 0.6845990390625001 0.6823322421875 0.6122754265625 0.6787159796875 0.6128784609375 1 0.73634085625 1
0 0.06382136875 0.40091389531250005 0.060197393749999994 0.48405158593750003 0.42905560937500004 0.49011503593750005 0.42965830625 0.40694100000000005 0.06382136875 0.40091389531250005
0 0 0.483698375 0.0621330421875 0.4840879328125 0.0639411328125 0.400311184375 0 0.3997054 0 0.483698375