0 0.268809378125 0.056434940625 0.249449453125 0.056276253124999995 0.2480212625 0.14212640781250002 0.2661116828125 0.1556148796875 0.268809378125 0.056434940625
0 0.2892801171875 0.0730971703125 0.269126753125 0.056276253124999995 0.2661116828125 0.15624963125 0.287217175 0.17100760625 0.2892801171875 0.0730971703125
0 0.3073705375 0.08690301875 0.28959749375 0.0730971703125 0.287217175 0.1705315421875 0.30467284375000003 0.1841787015625 0.3073705375 0.08690301875
0 0.41500000000000004 0.29578125 0.39203125 0.29578125 0.39234375 0.33781249999999996 0.41500000000000004 0.33781249999999996 0.41500000000000004 0.29578125
0 0.41421875 0.35750000000000004 0.39953125 0.35750000000000004 0.39953125 0.37796875 0.41421875 0.3778125 0.41421875 0.35750000000000004
0 0.41359375 0.38359375 0.39765625 0.383125 0.3978125 0.39953125 0.41359375 0.39953125 0.41359375 0.38359375
0 0.41328125 0.40015625000000005 0.39765625 0.40015625000000005 0.3978125 0.415625 0.41328125 0.415625 0.41328125 0.40015625000000005
0 0.41375 0.42671875000000004 0.39703125 0.42640625 0.39703125 0.44781250000000006 0.41375 0.44781250000000006 0.41375 0.42671875000000004
0 0.41390625 0.4515625 0.38640625 0.4515625 0.38640625 0.47328125 0.41390625 0.47328125 0.41390625 0.4515625
0 0.2815625 0.49093749999999997 0.30578125 0.49109375 0.30578125 0.47984375 0.34203125 0.47984375 0.34203125 0.45796875000000004 0.30343749999999997 0.45796875000000004 0.30343749999999997 0.44953125 0.27515625 0.449375 0.275 0.46343750000000006 0.2815625 0.46359374999999997 0.2815625 0.49093749999999997
0 0.2625 0.43875000000000003 0.2921875 0.43875000000000003 0.2921875 0.4340625 0.30843750000000003 0.434375 0.30859375 0.40374999999999994 0.2934375 0.40374999999999994 0.2934375 0.393125 0.30874999999999997 0.393125 0.30890625 0.3603125 0.29312499999999997 0.3603125 0.29312499999999997 0.35640625 0.26328125 0.35625 0.2634375 0.35328125 0.254375 0.353125 0.25375000000000003 0.43624999999999997 0.2625 0.43624999999999997 0.2625 0.43875000000000003
0 0.303966425 0.6111964750000001 0.3217294609375 0.6111964750000001 0.3217294609375 0.5756704046875 0.3037524125 0.5756704046875 0.3037524125 0.5724602171875001 0.2667282546875 0.5724602171875001 0.2660862171875 0.615476725 0.3037524125 0.615476725 0.303966425 0.6111964750000001
0 0.4137548265625 0.581020715625 0.40155611406249997 0.580806703125 0.40070006406249997 0.608628325 0.4135408140625 0.608628325 0.4137548265625 0.581020715625
0 0.40369623906249996 0.6360219218750001 0.391497528125 0.635807909375 0.391069503125 0.6574231703125 0.40369623906249996 0.6574231703125 0.40369623906249996 0.6360219218750001
0 0.4038527828125 0.679919709375 0.3900469359375 0.679919709375 0.38999944062499997 0.694661340625 0.4038527828125 0.694677684375 0.4038527828125 0.679919709375
0 0.30324465312500004 0.6635748546875 0.3211763859375 0.6635748546875 0.3213350734375 0.6294569562500001 0.3041967796875 0.6294569562500001 0.3041967796875 0.625965821875 0.2634139890625 0.6261245109375 0.2635726765625 0.6680181171874999 0.30324465312500004 0.6680181171874999 0.30324465312500004 0.6635748546875
0 0.3041967796875 0.6880127921875 0.3221285125 0.6880127921875 0.3222872015625 0.672778753125 0.2632553015625 0.672620065625 0.2634139890625 0.69324949375 0.3042126484375 0.6934081812499999 0.3041967796875 0.6880127921875
0 0.30230839375 0.8073460953125 0.3210335671875 0.8073460953125 0.32087487812500004 0.7795757125 0.303260521875 0.7794170234375 0.303260521875 0.76735674375 0.32182700625 0.76735674375 0.3215096296875 0.7386342328125 0.303577896875 0.7383168578125 0.303577896875 0.726732640625 0.32166831875 0.726891328125 0.3215096296875 0.6997556968749999 0.303736584375 0.6995970093749999 0.3038952734375 0.6938842453125 0.26279510625 0.69372555625 0.26247773125 0.81194804375 0.30230839375 0.8121067312499999 0.30230839375 0.8073460953125
0 0.40406250000000005 0.7420312499999999 0.39 0.7420312499999999 0.38984375 0.7546875 0.40406250000000005 0.7546875 0.40406250000000005 0.7420312499999999
0 0.40421874999999996 0.7546875 0.38984375 0.75484375 0.3896875 0.7657812500000001 0.40421874999999996 0.7657812500000001 0.40421874999999996 0.7546875
0 0.40421874999999996 0.78421875 0.3896875 0.7840625 0.38953125 0.8053125 0.40406250000000005 0.8051562499999999 0.40421874999999996 0.78421875
0 0.2953125 0.8501562500000001 0.32625000000000004 0.8501562500000001 0.32625000000000004 0.8357812499999999 0.26437499999999997 0.8357812499999999 0.26437499999999997 0.85609375 0.2953125 0.85625 0.2953125 0.8501562500000001
0 0.31859375 0.8901562500000001 0.30234375 0.8901562500000001 0.3021875 0.88359375 0.26421875 0.88359375 0.26375000000000004 0.9053125 0.31859375 0.9053125 0.31859375 0.8901562500000001
0 0.30328125 0.96 0.32999999999999996 0.96 0.32999999999999996 0.9303125 0.30265624999999996 0.93046875 0.30265624999999996 0.9240625 0.26546875000000003 0.9240625 0.2653125 0.9662499999999999 0.303125 0.9662499999999999 0.30328125 0.96
0 0.5290625 0.26140625 0.50875 0.31 0.53421875 0.32265625 0.5549999999999999 0.2734375 0.5290625 0.26140625
0 0.5159374999999999 0.31437499999999996 0.5114062500000001 0.32406250000000003 0.5298437500000001 0.3325 0.53421875 0.323125 0.5159374999999999 0.31437499999999996
0 0.5903125 0.3403125 0.585 0.35343749999999996 0.6212500000000001 0.368125 0.626875 0.354375 0.5903125 0.3403125
0 0.7000501078125 0.32096015 0.6816989015625 0.31844893281250003 0.679767196875 0.33370940937500004 0.6986979140625 0.336413796875 0.7000501078125 0.32096015
0 0.75734375 0.4421875 0.7814062500000001 0.44640625 0.78453125 0.42625 0.7915625000000001 0.42718749999999994 0.79625 0.39671875 0.754375 0.3896875 0.74921875 0.42078125 0.76078125 0.4225 0.75734375 0.4421875