0 0.19984375000000001 0.3671875 0.210625 0.33953125 0.1975 0.334375 0.1975 0.32937500000000003 0.16984375000000002 0.31906249999999997 0.15703125 0.354375 0.18546875000000002 0.36593749999999997 0.18734375 0.36140625000000004 0.19984375000000001 0.3671875
0 0.274375 0.36015625 0.26984375 0.37765624999999997 0.28250000000000003 0.38484375000000004 0.28703124999999996 0.36859375 0.274375 0.36015625
0 0.26796875 0.379375 0.25609375 0.37359375 0.250625 0.39140625 0.26296875000000003 0.39640624999999996 0.26796875 0.379375
0 0.26953125 0.37875000000000003 0.26375000000000004 0.39671875 0.27671875 0.4021875 0.2821875 0.3853125 0.26953125 0.37875000000000003
0 0.31640625 0.38796875000000003 0.3053125 0.42062499999999997 0.3196875 0.426875 0.33046875 0.39734375 0.31640625 0.38796875000000003
0 0.28328125000000004 0.42078125 0.27484375 0.44171875 0.28671875 0.44265625000000003 0.29484374999999996 0.42625 0.28328125000000004 0.42078125
0 0.28625 0.44265625000000003 0.27468750000000003 0.44234375000000004 0.26578124999999997 0.46781249999999996 0.27796875 0.46796875 0.28625 0.44265625000000003
0 0.27046875 0.48984375 0.259375 0.48875 0.255 0.50265625 0.26625 0.505 0.27046875 0.48984375
0 0.24906250000000002 0.521875 0.24140625 0.5467187499999999 0.2521875 0.5471874999999999 0.26 0.5220312500000001 0.24906250000000002 0.521875
0 0.23328125000000002 0.5667187499999999 0.22609374999999998 0.5890625 0.236875 0.5923437500000001 0.24453125 0.569375 0.23328125000000002 0.5667187499999999
0 0.21953125 0.6078125 0.21218750000000003 0.63359375 0.2234375 0.6371875 0.23156249999999998 0.6107812499999999 0.21953125 0.6078125
0 0.20703125 0.645625 0.20249999999999999 0.6615624999999999 0.21375000000000002 0.6643749999999999 0.21875 0.6487499999999999 0.20703125 0.645625
0 0.196875 0.67859375 0.18562499999999998 0.7071875000000001 0.1978125 0.71015625 0.20921875 0.681875 0.196875 0.67859375
0 0.1740625 0.63046875 0.15109375 0.6896875 0.171875 0.69578125 0.19359375 0.6364062500000001 0.1740625 0.63046875
0 0.10109375000000001 0.8682812500000001 0.10968750000000001 0.8682812500000001 0.11000000000000001 0.86453125 0.11890624999999999 0.8643750000000001 0.11875 0.8690625000000001 0.12859375 0.86890625 0.12875 0.8657812500000001 0.14250000000000002 0.86546875 0.14250000000000002 0.8696875000000001 0.1546875 0.8696875000000001 0.1546875 0.8657812500000001 0.16390625 0.8657812500000001 0.1640625 0.8699999999999999 0.17359375 0.87015625 0.17375000000000002 0.86640625 0.18453124999999998 0.86625 0.18453124999999998 0.87015625 0.19453125 0.86984375 0.19437500000000002 0.8670312499999999 0.20296875 0.866875 0.2028125 0.87046875 0.2146875 0.8703125 0.215 0.8673437500000001 0.22374999999999998 0.8671875 0.2234375 0.87109375 0.23359375 0.87109375 0.23374999999999999 0.8682812500000001 0.23984375 0.868125 0.24 0.8357812499999999 0.23296875 0.8357812499999999 0.23296875 0.8103125 0.2053125 0.8103125 0.205625 0.8346875 0.19453125 0.8346875 0.19453125 0.8081250000000001 0.16546875 0.8081250000000001 0.1653125 0.83375 0.15375 0.8339062500000001 0.15390625 0.806875 0.11875 0.8067187499999999 0.11875 0.8331250000000001 0.10984374999999999 0.8331250000000001 0.10984374999999999 0.8071875000000001 0.0959375 0.80734375 0.09546875 0.86421875 0.100625 0.8643750000000001 0.10109375000000001 0.8682812500000001
0 0.2953125 0.7953125 0.27875 0.7953125 0.27875 0.8106249999999999 0.29546875 0.81078125 0.2953125 0.7953125
0 0.27953125 0.8823437500000001 0.304375 0.8826562499999999 0.3053125 0.83078125 0.316875 0.83078125 0.32156250000000003 0.8110937500000001 0.28453125 0.8109375 0.28453125 0.8442187499999999 0.27953125 0.8440625 0.27953125 0.8823437500000001
0 0.2403125 0.73828125 0.2403125 0.75546875 0.2725 0.7621875 0.27296875 0.7453125 0.2403125 0.73828125
0 0.306875 0.7614062500000001 0.31328125 0.7614062500000001 0.31359375 0.75578125 0.29640625 0.75078125 0.29359375 0.7634375 0.3053125 0.7696875000000001 0.306875 0.7614062500000001
0 0.32109375 0.74921875 0.3315625 0.70703125 0.30015625 0.6989062500000001 0.29874999999999996 0.7045312499999999 0.27875 0.6978125000000001 0.26968749999999997 0.72984375 0.29 0.73609375 0.29 0.740625 0.32109375 0.74921875
0 0.33218749999999997 0.7021875 0.33671875 0.6798437500000001 0.2865625 0.66671875 0.281875 0.6832812500000001 0.30234375 0.68953125 0.3021875 0.69484375 0.33218749999999997 0.7021875
0 0.33890625 0.6743750000000001 0.34328125 0.6560937499999999 0.29296875 0.64296875 0.2890625 0.65671875 0.31 0.66234375 0.31 0.6675 0.33890625 0.6743750000000001
0 0.34828125 0.6340625 0.29765625 0.6209374999999999 0.2940625 0.634375 0.3159375 0.6396875 0.31609375 0.64390625 0.344375 0.65078125 0.34828125 0.6340625
0 0.34984375 0.628125 0.35859375 0.58921875 0.33046875 0.5834374999999999 0.32734375 0.5875 0.30859375 0.5823437499999999 0.30078125 0.61203125 0.31921875 0.61640625 0.3225 0.62046875 0.34984375 0.628125
0 0.35984375 0.5859375 0.37 0.5432812499999999 0.343125 0.53640625 0.34187500000000004 0.54234375 0.32078125 0.5359375 0.31234375000000003 0.5684375 0.3325 0.5734375 0.3325 0.5782812500000001 0.35984375 0.5859375
0 0.37109375 0.53796875 0.3759375 0.5170312499999999 0.33218749999999997 0.50578125 0.32859375 0.52140625 0.3459375 0.5259375000000001 0.34546875 0.53171875 0.37109375 0.53796875
0 0.3778125 0.51296875 0.3821875 0.49109375 0.33796875000000004 0.48171875000000003 0.33296875 0.499375 0.351875 0.5025000000000001 0.35046875 0.50609375 0.3778125 0.51296875
0 0.383125 0.48703124999999997 0.38859374999999996 0.46343750000000006 0.344375 0.45515625000000004 0.34015625 0.4725 0.3559375 0.4759375 0.3559375 0.48109375 0.383125 0.48703124999999997
0 0.3628125 0.45796875000000004 0.39 0.46343750000000006 0.395625 0.44140625 0.33828125 0.42890625 0.33421875 0.446875 0.36296875 0.45359375 0.3628125 0.45796875000000004
0 0.0796875 0.65953125 0.08546875000000001 0.64890625 0.07078124999999999 0.6425 0.07421875 0.63625 0.09031249999999999 0.6428125 0.10390625 0.61375 0.09078125000000001 0.6095312500000001 0.09125 0.60203125 0.065 0.5925 0.031875 0.64359375 0.06296874999999999 0.658125 0.0646875 0.65359375 0.0796875 0.65953125
0 0.54796875 0.8328125 0.54578125 0.8328125 0.5459375 0.8103125 0.5248437499999999 0.8099999999999999 0.5246875 0.86546875 0.5478125 0.86546875 0.54796875 0.8328125
0 0.5515625 0.8659375 0.5846875 0.8659375 0.5846875 0.83296875 0.58046875 0.83296875 0.58046875 0.81015625 0.5559375 0.8099999999999999 0.5559375 0.83265625 0.5515625 0.8328125 0.5515625 0.8659375
0 0.5884375000000001 0.8657812500000001 0.623125 0.8659375 0.623125 0.8340624999999999 0.6207812500000001 0.8340624999999999 0.6207812500000001 0.8110937500000001 0.5921875 0.81078125 0.5923437500000001 0.8331250000000001 0.58859375 0.8331250000000001 0.5884375000000001 0.8657812500000001
0 0.6275000000000001 0.865 0.6604687499999999 0.8653124999999999 0.6604687499999999 0.8340624999999999 0.6576562499999999 0.8340624999999999 0.6575 0.8109375 0.63109375 0.81078125 0.63125 0.83375 0.6275000000000001 0.8339062500000001 0.6275000000000001 0.865
0 0.6639062499999999 0.8651562500000001 0.68859375 0.8653124999999999 0.688125 0.81546875 0.66953125 0.81546875 0.66953125 0.83421875 0.6640625 0.83421875 0.6639062499999999 0.8651562500000001
0 0.6934375 0.8651562500000001 0.7140625 0.8651562500000001 0.71421875 0.81515625 0.6975 0.81515625 0.6975 0.83375 0.69375 0.83375 0.6934375 0.8651562500000001
0 0.71921875 0.86546875 0.74046875 0.86546875 0.7403125 0.8153124999999999 0.7228125000000001 0.8153124999999999 0.7228125000000001 0.83421875 0.719375 0.83421875 0.71921875 0.86546875
0 0.744375 0.8657812500000001 0.7657812500000001 0.8657812500000001 0.765625 0.815625 0.7474999999999999 0.815625 0.747540625 0.83515625 0.744375 0.83515625 0.744375 0.8657812500000001
0 0.770196875 0.865625 0.793321875 0.865625 0.793478125 0.81609375 0.773634375 0.81609375 0.7733218749999999 0.834375 0.770353125 0.834375 0.770196875 0.865625
0 0.798321875 0.8660937499999999 0.822228125 0.8660937499999999 0.822228125 0.81578125 0.8023843749999999 0.81578125 0.802540625 0.834375 0.798478125 0.834375 0.798321875 0.8660937499999999
0 0.8278531250000001 0.8657812500000001 0.8525406249999999 0.8657812500000001 0.852853125 0.8162499999999999 0.8320718749999999 0.8162499999999999 0.832228125 0.8340624999999999 0.828009375 0.8340624999999999 0.8278531250000001 0.8657812500000001
0 0.8584781250000001 0.865625 0.880665625 0.865625 0.8805093749999999 0.81703125 0.861915625 0.81703125 0.8617593749999999 0.8331250000000001 0.858634375 0.8331250000000001 0.8584781250000001 0.865625
0 0.8851968749999999 0.8660937499999999 0.907384375 0.86625 0.9072281249999999 0.8162499999999999 0.887853125 0.8162499999999999 0.8883218749999999 0.83375 0.8851968749999999 0.83359375 0.8851968749999999 0.8660937499999999
0 0.6587500000000001 0.7329687500000001 0.53078125 0.733125 0.53078125 0.7464062499999999 0.6587500000000001 0.7478125 0.6587500000000001 0.7329687500000001
0 0.67875 0.73671875 0.683125 0.73671875 0.683125 0.73046875 0.6587500000000001 0.7303124999999999 0.6587500000000001 0.74484375 0.67875 0.745 0.67875 0.73671875
0 0.7015625 0.7462500000000001 0.73359375 0.7464062499999999 0.73359375 0.73828125 0.7378125 0.7381249999999999 0.7378125 0.73109375 0.6978125000000001 0.7306250000000001 0.69796875 0.73625 0.7015625 0.73640625 0.7015625 0.7462500000000001
0 0.755625 0.7474999999999999 0.79125 0.748125 0.79109375 0.74015625 0.7946875 0.74015625 0.7946875 0.7342187499999999 0.7503124999999999 0.73265625 0.7503124999999999 0.73890625 0.755625 0.73890625 0.755625 0.7474999999999999
0 0.8134375 0.748125 0.843125 0.748125 0.84296875 0.743125 0.8484375 0.743125 0.8484375 0.7371875 0.8084374999999999 0.7359375 0.8081250000000001 0.7418750000000001 0.81328125 0.7420312499999999 0.8134375 0.748125
0 0.8678125 0.7501562500000001 0.89671875 0.7501562500000001 0.89671875 0.7459374999999999 0.9025000000000001 0.7459374999999999 0.90265625 0.7403125 0.86359375 0.7384375000000001 0.86390625 0.744375 0.8676562499999999 0.744375 0.8678125 0.7501562500000001
0 0.43203125 0.33453125 0.44312500000000005 0.34203125 0.42078125 0.3665625 0.45234375 0.3903125 0.49734375000000003 0.3296875 0.49734375000000003 0.31765625000000003 0.43531250000000005 0.2725 0.39078124999999997 0.34578125000000004 0.41265625000000006 0.36203124999999997 0.43203125 0.33453125
0 0.37046875 0.37703125000000004 0.3590625 0.39296875 0.3896875 0.41328125 0.40171875 0.39640624999999996 0.37046875 0.37703125000000004
0 0.433125 0.41656250000000006 0.40171875 0.396875 0.38984375 0.4134375 0.4203125 0.43390625 0.433125 0.41656250000000006
0 0.44891177187500003 0.8421206203124999 0.4806107953125 0.8479727468749999 0.4867067625 0.8223696890625 0.45525157656250004 0.8162737234374999 0.45671460937499997 0.8079832093749999 0.48914514843749995 0.8148106921875 0.49572879218750004 0.785306215625 0.46329825312499995 0.7794540890625 0.4652489609375 0.770432059375 0.48499989218749995 0.7738457999999999 0.4918273734375 0.742390615625 0.4730517984375 0.7397083906249999 0.47353947500000004 0.7309301984375 0.49402192187500005 0.7360508109375 0.4996302109375 0.7082532046875001 0.4813423125 0.7060586578125 0.480854634375 0.7014257234375 0.44988712656249996 0.6963051109375 0.40648384843749996 0.8884499625 0.465980478125 0.886499253125 0.47036957343749997 0.8572386156249999 0.446229546875 0.8535810359375 0.44891177187500003 0.8421206203124999
0 0.5136221390625 0.69148774375 0.48510117499999994 0.6866700140625001 0.485293884375 0.6781908078125001 0.5174763234374999 0.684357503125 0.5253774015625 0.651982353125 0.49300225312499996 0.6462010765625 0.49280954374999997 0.6390708359375 0.4635177421875 0.6338676875 0.45099164218750004 0.69148774375 0.499939784375 0.700545078125 0.499939784375 0.7072898999999999 0.5105387921875 0.7072898999999999 0.5136221390625 0.69148774375
0 0.49570018281249995 0.6317478859375 0.52884616875 0.6390708359375 0.5303878421875 0.628857246875 0.49936165781249997 0.622305134375 0.5007106218749999 0.61363321875 0.5259555296875 0.617101984375 0.52730449375 0.604961303125 0.5375180828125 0.606502978125 0.5402160125 0.5885810203124999 0.5070700265625 0.5826070343749999 0.5068773171875 0.5772111765625 0.47893447968749997 0.5708517718749999 0.46544483437500006 0.62904995625 0.49454392656249996 0.63637290625 0.49570018281249995 0.6317478859375
0 0.5494660546875 0.5463777000000001 0.51554923125 0.5378984953125 0.51632006875 0.5336588921875001 0.488569940625 0.5271067781250001 0.48047615312499997 0.5616017296875 0.509189828125 0.5683465515624999 0.5101533734375 0.5639142390624999 0.544455615625 0.5729715734374999 0.5494660546875 0.5463777000000001
0 0.573145175 0.473768109375 0.5859428125 0.4829824078125 0.63491510625 0.4159227875 0.6166571421875 0.40346642031249996 0.58270074375 0.45056172656250004 0.5871372578125 0.45414506406250005 0.573145175 0.473768109375
0 0.65044290625 0.42667280312500006 0.635085740625 0.4159227875 0.5864547171875001 0.48315304374999996 0.597546003125 0.49134353124999997 0.6142682500000001 0.4681371484375 0.61836349375 0.471037946875 0.65044290625 0.42667280312500006
0 0.6264062499999999 0.51328125 0.64453125 0.48765625 0.65 0.4915625 0.68046875 0.44796874999999997 0.66484375 0.4371875 0.6165625 0.50578125 0.6264062499999999 0.51328125
0 0.6055658562499999 0.49748639843750003 0.61625 0.50546875 0.6649468953125 0.43725218281249995 0.65015625 0.426875 0.6187047640625 0.470526040625 0.6234825500000001 0.473768109375 0.6055658562499999 0.49748639843750003
0 0.67703125 0.51125 0.68234375 0.51484375 0.7140625 0.47062499999999996 0.698125 0.45999999999999996 0.64578125 0.53234375 0.6559375000000001 0.5409375 0.67703125 0.51125
0 0.6975 0.45984375 0.680625 0.44828124999999996 0.64953125 0.49109375 0.654375 0.49484374999999997 0.63390625 0.5237499999999999 0.64578125 0.53234375 0.6975 0.45984375
0 0.70765625 0.5425 0.74484375 0.49171875 0.72953125 0.48125 0.6746875 0.559375 0.6859375 0.56875 0.70515625 0.540625 0.70765625 0.5425
0 0.67703125 0.5559375 0.729375 0.48140625000000004 0.71421875 0.47078125000000004 0.67875 0.52125 0.68296875 0.525 0.6659375 0.5471874999999999 0.67703125 0.5559375
0 0.6328547484375 0.6278321874999999 0.6099534265625 0.624853153125 0.603995359375 0.654084921875 0.62913095625 0.65818109375 0.6328547484375 0.6278321874999999
0 0.5887278109375 0.6585534734375 0.575880728125 0.6563191984375 0.5648955421874999 0.7183203375 0.5766254875 0.72111318125 0.5887278109375 0.6585534734375
0 0.5928239828125 0.6384449953125 0.5855625875 0.638072615625 0.5855625875 0.6486854234375 0.59263779375 0.6488716140624999 0.5928239828125 0.6384449953125
0 0.59040351875 0.6222464999999999 0.5976649125 0.6224326890625 0.59878205 0.6108889328125 0.5913344656249999 0.6108889328125 0.59040351875 0.6222464999999999
0 0.7285562078125001 0.6918814125 0.7077029718750001 0.692067603125 0.7084477296875 0.7062180125 0.729300965625 0.7060318234375 0.7285562078125001 0.6918814125