0 0 0.9539447921875001 0.2079123546875 0.9568977390625 0.215646165625 0.29290301875 0.045352634375 0.29078272968749996 0.0427042203125 0.623053353125 0 0.622864278125 0 0.9539447921875001
0 0.3240913390625 0.294172528125 0.21532272031250002 0.29331993437500004 0.20798517656249998 0.9564257812499999 0.358312284375 0.9581643468750001 0.363140128125 0.6290016078125 0.31869551406249996 0.628291109375 0.3240913390625 0.294172528125
0 0.419953740625 0.1547327453125 0.371206484375 0.15420005625 0.369943978125 0.2096378921875 0.4192254375 0.20915200781249998 0.419953740625 0.1547327453125
0 0.578722553125 0.6476475390624999 0.47069178906250003 0.647890490625 0.4733622140625 0.326280746875 0.4602528515625 0.326280746875 0.45855348906250004 0.21231026718749998 0.3698708046875 0.2129700046875 0.358776753125 0.9432472890625 0.5753238265625 0.9417896359375 0.578722553125 0.6476475390624999
0 0.45685414062499996 0.0693541921875 0.3718861140625 0.0693541921875 0.3711578109375 0.15316957656250002 0.45685414062499996 0.152926625 0.45685414062499996 0.0693541921875
0 0.3729970890625 0 0.3718861140625 0.0676234390625 0.5119619609375 0.0676234390625 0.5123806515625 0 0.3729970890625 0
0 0.6606739046875 0.621148421875 0.5790946375 0.6225806625 0.575298209375 0.9409091546875 0.7718315984374999 0.9411385234375 0.773262825 0.4874707171875 0.663536359375 0.4874707171875 0.6606739046875 0.621148421875
0 0.7761252796875 0.220474271875 0.6939398999999999 0.22118455781250002 0.6878669625 0.48735222968749997 0.773262825 0.48735222968749997 0.7761252796875 0.220474271875
0 0.776403290625 0.162168003125 0.7361156734375001 0.16212695625 0.73534186875 0.22080655624999998 0.776403290625 0.2201402046875 0.776403290625 0.162168003125
0 0.66520456875 0.163722815625 0.5837132671874999 0.163348128125 0.5824158953125 0.288551840625 0.662985025 0.2894403015625 0.66520456875 0.163722815625
0 0.5838822234375 0 0.5833037078125 0.163709034375 0.776403290625 0.1625984515625 0.777189409375 0 0.5838822234375 0
0 0.9428787859375 0 0.9431274999999999 0.0081793578125 0.9194863375000001 0.00850345625 0.9201340374999999 0.31401563125 0.875118696875 0.3146638046875 0.8725278718749999 0.5088931140625 0.7860595359375 0.5088931140625 0.7841164218750001 0.7595137546874999 0.772457771875 0.7595137546874999 0.7718100703124999 0.94079963125 0.9845804953125 0.9427441765625 0.9983072890625 0 0.9428787859375 0
0 0.774012296875 0 0.77433245625 0.025470440625 0.8318589140625001 0.024207146875 0.8317676359374999 0 0.774012296875 0