0 0.36775 1 0.36775 0.9712109375000001 0.34121875 0.9712109375000001 0.34121875 1 0.36775 1
0 0.3198359375 1 0.3198359375 0.9724296875 0.2903203125 0.9724296875 0.2903203125 1 0.3198359375 1
0 0.5475546875 1 0.5475546875 0.9329921875 0.3963203125 0.9329921875 0.3963203125 1 0.5475546875 1
0 0.373671875 0.890625 0.340609375 0.890625 0.340609375 0.9204062499999999 0.373671875 0.9204062499999999 0.373671875 0.890625
0 0.373140625 0.8573359375 0.34045312499999997 0.8573359375 0.34045312499999997 0.8905390625 0.373140625 0.8905390625 0.373140625 0.8573359375
0 0.37332031250000003 0.819515625 0.33952343749999997 0.819515625 0.33952343749999997 0.8570781249999999 0.37332031250000003 0.8570781249999999 0.37332031250000003 0.819515625
0 0.37141406250000003 0.774203125 0.3385859375 0.774203125 0.3385859375 0.818546875 0.37141406250000003 0.818546875 0.37141406250000003 0.774203125
0 0.3163828125 0.7795234375 0.2876484375 0.7795234375 0.2876484375 0.8170703125 0.3163828125 0.8170703125 0.3163828125 0.7795234375
0 0.3176015625 0.81734375 0.2878046875 0.81734375 0.2878046875 0.8597812499999999 0.3176015625 0.8597812499999999 0.3176015625 0.81734375
0 0.370546875 0.7365468749999999 0.338890625 0.7365468749999999 0.338890625 0.7740781250000001 0.370546875 0.7740781250000001 0.370546875 0.7365468749999999
0 0.37019531250000004 0.6929531250000001 0.3384296875 0.6929531250000001 0.3384296875 0.736234375 0.37019531250000004 0.736234375 0.37019531250000004 0.6929531250000001
0 0.37019531250000004 0.6581171875 0.3376484375 0.6581171875 0.3376484375 0.6927265625000001 0.37019531250000004 0.6927265625000001 0.37019531250000004 0.6581171875
0 0.36898437500000003 0.625765625 0.336859375 0.625765625 0.336859375 0.658703125 0.36898437500000003 0.658703125 0.36898437500000003 0.625765625
0 0.36828906250000004 0.5899921875 0.3368671875 0.5899921875 0.3368671875 0.6259453125000001 0.36828906250000004 0.6259453125000001 0.36828906250000004 0.5899921875
0 0.368453125 0.5479609375 0.336078125 0.5479609375 0.336078125 0.5898828125 0.368453125 0.5898828125 0.368453125 0.5479609375
0 0.3676015625 0.5092109375 0.3354609375 0.5092109375 0.3354609375 0.5480390625 0.3676015625 0.5480390625 0.3676015625 0.5092109375
0 0.313078125 0.5306171875000001 0.28107812499999996 0.5306171875000001 0.28107812499999996 0.5645390625 0.313078125 0.5645390625 0.313078125 0.5306171875000001
0 0.313609375 0.5646796875 0.28107812499999996 0.5646796875 0.28107812499999996 0.6016953125 0.313609375 0.6016953125 0.313609375 0.5646796875
0 0.3667265625 0.47311718750000004 0.3353046875 0.47311718750000004 0.3353046875 0.5092265625 0.3667265625 0.5092265625 0.3667265625 0.47311718750000004
0 0.366890625 0.4346875 0.33404687499999997 0.4346875 0.33404687499999997 0.47228125 0.366890625 0.47228125 0.366890625 0.4346875
0 0.3667265625 0.39546875 0.3337421875 0.39546875 0.3337421875 0.43478125 0.3667265625 0.43478125 0.3667265625 0.39546875
0 0.31239062500000003 0.40733593749999997 0.279984375 0.40733593749999997 0.279984375 0.4549140625 0.31239062500000003 0.4549140625 0.31239062500000003 0.40733593749999997
0 0.365859375 0.3540546875 0.333109375 0.3540546875 0.333109375 0.3947578125 0.365859375 0.3947578125 0.365859375 0.3540546875
0 0.36238281250000004 0.2873359375 0.33108593750000004 0.2873359375 0.33108593750000004 0.3234765625 0.36238281250000004 0.3234765625 0.36238281250000004 0.2873359375
0 0.3734921875 0.21998437499999998 0.33122656250000004 0.21998437499999998 0.33122656250000004 0.286671875 0.3734921875 0.286671875 0.3734921875 0.21998437499999998
0 0.310828125 0.3101484375 0.282484375 0.3101484375 0.282484375 0.3476015625 0.310828125 0.3476015625 0.310828125 0.3101484375
0 0.3106640625 0.273578125 0.28092968749999997 0.273578125 0.28092968749999997 0.310109375 0.3106640625 0.310109375 0.3106640625 0.273578125
0 0.309265625 0.23498437499999997 0.280609375 0.23498437499999997 0.280609375 0.274515625 0.309265625 0.274515625 0.309265625 0.23498437499999997
0 0.3091015625 0.19139843750000002 0.2793671875 0.19139843750000002 0.2793671875 0.2358515625 0.3091015625 0.2358515625 0.3091015625 0.19139843750000002
0 0.30944531249999996 0.1540625 0.2779609375 0.1540625 0.2779609375 0.1918125 0.30944531249999996 0.1918125 0.30944531249999996 0.1540625
0 0.308921875 0.110296875 0.278453125 0.110296875 0.278453125 0.154015625 0.308921875 0.154015625 0.308921875 0.110296875
0 0.3554453125 0.137328125 0.33092968749999996 0.137328125 0.33092968749999996 0.16373437500000002 0.3554453125 0.16373437500000002 0.3554453125 0.137328125
0 0.3566640625 0.1638984375 0.3303046875 0.1638984375 0.3303046875 0.1963828125 0.3566640625 0.1963828125 0.3566640625 0.1638984375
0 0.35578906250000003 0.049984375 0.32889843750000003 0.049984375 0.32889843750000003 0.082390625 0.35578906250000003 0.082390625 0.35578906250000003 0.049984375
0 0.35510156249999997 0.0178046875 0.32921093749999997 0.0178046875 0.32921093749999997 0.0502890625 0.35510156249999997 0.0502890625 0.35510156249999997 0.0178046875
0 0.28375 0 0.28375 0.10889843749999999 0.30646874999999996 0.10889843749999999 0.30646874999999996 0 0.28375 0
0 0.470703125 0.016828125 0.44514062499999996 0.016828125 0.44514062499999996 0.047984375 0.470703125 0.047984375 0.470703125 0.016828125
0 0.47035937499999997 0.048078125 0.44592187499999997 0.048078125 0.44592187499999997 0.08010937500000001 0.47035937499999997 0.08010937500000001 0.47035937499999997 0.048078125
0 0.04596056875 0 0.04596056875 0.009366237500000001 0.053913604687500005 0.0134861078125 0.053771590625 0.01860043125 0.108306709375 0.019594875 0.10816469531249999 0.0107868875 0.1459416453125 0.010502759375 0.14589507968749998 0 0.04596056875 0
0 0.05362955781249999 0.0760436875 0.047380740625 0.0814421390625 0.0475227734375 0.09706921874999999 0.0540556171875 0.1017573453125 0.1095848859375 0.10118908906249999 0.1095848859375 0.095506509375 0.1466517296875 0.095648578125 0.1460836390625 0.0274576484375 0.10844874062500001 0.0274576484375 0.10844874062500001 0.0193599765625 0.0530614859375 0.0183655234375 0.052919471875 0.025184615625 0.0465789265625 0.029707031249999998 0.0466706546875 0.042658545312500004 0.053771590625 0.0457839625 0.05362955781249999 0.0760436875
0 0.0485169046875 0.1458957703125 0.0549077359375 0.1504418375 0.054481676562500005 0.16493240468749998 0.0483748734375 0.170046728125 0.0483748734375 0.1828325265625 0.05476572187499999 0.1858158859375 0.055049748437500004 0.1941976859375 0.1094428734375 0.1943397453125 0.109300840625 0.1861000140625 0.147219784375 0.1859579453125 0.1466517296875 0.12538927187499999 0.1095848859375 0.12524720312499998 0.1097269 0.1170074703125 0.0545476765625 0.11720703125000001 0.05476572187499999 0.12558055937499998 0.048232859375 0.13140520312499998 0.0485169046875 0.1458957703125
0 0.05774809843749999 0.248836565625 0.052635445312499994 0.25309850625 0.052635445312499994 0.2644636546875 0.058600217187500005 0.2667366890625 0.0581741578125 0.271424815625 0.11185717656250001 0.2725613265625 0.111999190625 0.261054109375 0.15077025156249999 0.26148030625 0.150060165625 0.2071870796875 0.11143111718750001 0.2071870796875 0.11143111718750001 0.2042037265625 0.056611953125 0.20391959843750002 0.056469940625000006 0.208891853125 0.0511101765625 0.21173828125 0.051073240625 0.22667451875000003 0.057606085937499996 0.22979993593749998 0.05774809843749999 0.248836565625
0 0.053487545312499996 0.3027405234375 0.0590262765625 0.3057238765625 0.0590262765625 0.31936206093749997 0.052919471875 0.3260390921875 0.053487545312499996 0.3374042515625 0.0590262765625 0.3378304390625 0.059168289062500004 0.3472066921875 0.1128513078125 0.3473487609375 0.1127092953125 0.3335561984375 0.1516223703125 0.3336982671875 0.1510543171875 0.28354951875 0.111999190625 0.2836915828125 0.11185717656250001 0.272326428125 0.057606085937499996 0.271758171875 0.05803214375 0.2869713703125 0.05334553125 0.2895285328125 0.053487545312499996 0.3027405234375
0 0.0670397484375 0.442760140625 0.23533175312500001 0.44176568749999995 0.2354737859375 0.4142051828125 0.1993717875 0.4142051828125 0.1993717875 0.410511509375 0.1423911765625 0.40994325312499996 0.1423911765625 0.3928955203125 0.0969452390625 0.3928955203125 0.0909804484375 0.38493991250000004 0.0595476765625 0.38517578124999996 0.058944690625 0.4071019640625 0.06661369843750001 0.4151996359375 0.0670397484375 0.442760140625
0 0.0606489171875 0.4822786609375 0.068175903125 0.49066047187499995 0.1430196859375 0.4909446 0.1431617 0.4792953125 0.199117028125 0.47872705625 0.199259040625 0.47148176875000003 0.23518972031250002 0.4709135125 0.23476370000000002 0.44179029999999997 0.0667758015625 0.44283203125000004 0.066471675 0.45727531875 0.0606489171875 0.4619634453125 0.0606489171875 0.4822786609375
0 0.0671817703125 0.5872206734375001 0.062069098437500005 0.590772278125 0.062069098437500005 0.6086724015625 0.0684599390625 0.61250814375 0.06803387968749999 0.6204637468749999 0.14358775937499998 0.6217423281250001 0.14358775937499998 0.610803365625 0.19996912656250002 0.6105192374999999 0.20011115937500001 0.602965209375 0.2358998453125 0.60268108125 0.2354737859375 0.5283813796875 0.2003951859375 0.5283813796875 0.2003951859375 0.520994028125 0.14358775937499998 0.5211360921875 0.143729771875 0.5124701640625 0.0676078296875 0.5124701640625 0.0676078296875 0.5190051265625 0.0609945515625 0.52501953125 0.060932953125 0.5390608265625 0.06732379375 0.5428965640625 0.0671817703125 0.5872206734375001
0 0.0686019515625 0.6894511453125001 0.2360418390625 0.690729725 0.2363259046875 0.661143403125 0.2008212453125 0.66071720625 0.2008212453125 0.6551766953125 0.143729771875 0.6546084390625 0.14330373125 0.63954960625 0.067891865625 0.639691675 0.067891865625 0.6458004421875 0.0616195515625 0.65048828125 0.060932953125 0.6634533499999999 0.0688859984375 0.67126689375 0.0686019515625 0.6894511453125001
0 0.067891865625 0.7473205968750001 0.1431617 0.74888330625 0.1434457453125 0.7365236953125 0.201105271875 0.7365236953125 0.2012473046875 0.7281418937499999 0.23660993125 0.7282839625 0.2363259046875 0.6906368859375001 0.0686019515625 0.68950036875 0.06803387968749999 0.720612478125 0.0619320515625 0.72658203125 0.0616430484375 0.7385126 0.067891865625 0.7439110515625 0.067891865625 0.7473205968750001
0 0.0688453734375 0.8144365359375 0.23756341875000003 0.8157151171875 0.2374214234375 0.7857395203124999 0.20149070624999998 0.7857395203124999 0.20149070624999998 0.7794886890625 0.144967325 0.7799148812500001 0.144967325 0.7711068890624999 0.0688453734375 0.771248953125 0.0688453734375 0.7799148812500001 0.06173517656250001 0.78439453125 0.0618864609375 0.80122455 0.0688453734375 0.8042078984375 0.0688453734375 0.8144365359375
0 0.063164628125 0.867426578125 0.07452611718749999 0.876092496875 0.0773664796875 0.8743877296875 0.0951188 0.8741036109375001 0.10037348593749999 0.8647273578125001 0.1451093375 0.8641591015625 0.1452513515625 0.8560614203125001 0.20220081093750003 0.8557772921875 0.20220081093750003 0.8479637468749999 0.23756341875000003 0.84753755 0.23756341875000003 0.8157151171875 0.0690789265625 0.8150195312499999 0.0692714328125 0.8452645265625 0.063164628125 0.8508050375 0.063164628125 0.867426578125
0 0.1950488546875 1 0.194926728125 0.9869897296874999 0.1466404265625 0.9864214734375001 0.14649839375 0.9716467734374999 0.08429426875 0.9707943890624999 0.08443628125 0.9777555453125 0.0754851765625 0.9834570312500001 0.075631128125 0.9949453421875001 0.083034415625 1 0.1950488546875 1
0 0.5348470140625 0.916869740625 0.5987843828125 0.9161893375 0.6086470640625 0.9073440859374999 0.6086470640625 0.896457615625 0.5994645640625 0.891354575 0.5991244625000001 0.8791073 0.6084770015625 0.8706022484375 0.60796688125 0.857504465625 0.5994645640625 0.853422040625 0.5994645640625 0.8461076875 0.608817103125 0.8393036531250001 0.6086470640625 0.8268862718750001 0.5984442796875 0.8229739468749999 0.5984442796875 0.8178709124999999 0.5350170765625 0.8180410140625 0.5348470140625 0.8262058640625 0.4972668171875 0.8265460640625 0.4972668171875 0.8539323359375001 0.5350170765625 0.8539323359375001 0.5351871171875 0.857334359375 0.498287103125 0.8590353765625001 0.49777696093749996 0.9081945828125001 0.5346769734375 0.9080244875 0.5348470140625 0.916869740625
0 0.537057625 0.807931378125 0.5981042000000001 0.8081014718749999 0.599294525 0.8012974375 0.608136921875 0.796024303125 0.60796688125 0.785818234375 0.5986143421875 0.7808853015625 0.5984442796875 0.7725503453125 0.4968861609375 0.7732161750000001 0.496756675 0.8007871312500001 0.536887584375 0.7997665265625 0.537057625 0.807931378125
0 0.5984442796875 0.7633648921875 0.60796688125 0.7562206453125 0.608136921875 0.7451640734375 0.5987843828125 0.7404012468750001 0.5984442796875 0.7358085140624999 0.5358672984374999 0.7368291234375001 0.5362074015625 0.7470351859375 0.4959507296875 0.74739828125 0.4962465328125 0.773570959375 0.5984442796875 0.7725503453125 0.5984442796875 0.7633648921875
0 0.5979341375 0.72557298125 0.6074567390625 0.7191091375 0.6072866765625 0.70499075 0.5987843828125 0.7002279234375 0.5984442796875 0.6939341796875 0.5360373390625 0.6939341796875 0.5362074015625 0.7063515609375 0.49576364375 0.7062393203124999 0.4952262703125 0.7362893453125 0.5979341375 0.7362893453125 0.5979341375 0.72557298125
0 0.53535715625 0.6877663421875 0.59759405625 0.6879364375 0.59759405625 0.6841942140625 0.6069465953125001 0.6784107828125 0.6071166359375 0.6676944078125 0.5984442796875 0.66344188125 0.5986143421875 0.655957434375 0.49632490156250003 0.65666148125 0.49590645312500004 0.677560275 0.53535715625 0.67739016875 0.53535715625 0.6877663421875
0 0.5981042000000001 0.64711218125 0.6071166359375 0.6413287453125001 0.6071166359375 0.6304422749999999 0.5981042000000001 0.62414853125 0.5358672984374999 0.6239784296875001 0.5358672984374999 0.6319731859375 0.49613781562500003 0.6314048453125001 0.49590645312500004 0.6566378421875 0.5981042000000001 0.656297634375 0.5981042000000001 0.64711218125
0 0.5987843828125 0.6110065484375 0.6074567390625 0.6072643249999999 0.6072866765625 0.5958675515625 0.601335071875 0.5885532046875 0.5363774421875 0.5887233046875 0.5363774421875 0.5965479546875 0.49613781562500003 0.5962326421874999 0.49607649218749994 0.6242744328125001 0.5986143421875 0.6244445265625 0.5987843828125 0.6110065484375
0 0.535697259375 0.5817049546875 0.5984442796875 0.5817049546875 0.5986143421875 0.5786431328125 0.60677655625 0.5725195015625 0.60677655625 0.5641845453125 0.5986143421875 0.5597619125 0.5982742390625 0.5325457421875 0.6059263109375 0.52880351875 0.6062664140625 0.5140047234375 0.5982742390625 0.5109429046875 0.5984442796875 0.5090717921875 0.5358672984374999 0.5090717921875 0.535697259375 0.5163861421875 0.4953894703125 0.5167210140625 0.4952262703125 0.57422050625 0.535697259375 0.5743906125 0.535697259375 0.5817049546875
0 0.5186926265625 0.5088132859375001 0.578208796875 0.50898338125 0.578208796875 0.5025195484375 0.5860309078125 0.49894741875 0.5855207874999999 0.48635994218749995 0.5775286140625 0.4834682265625 0.5771885109375 0.4702003375 0.4895897984375 0.4706978109375 0.48927464374999996 0.4963959046875 0.5188626890625 0.495885596875 0.5186926265625 0.5088132859375001
0 0.578208796875 0.455231440625 0.585690828125 0.4494480046875 0.585350725 0.436350221875 0.5797392015625 0.430566784375 0.5188626890625 0.4312471875 0.519032728125 0.440942953125 0.489776884375 0.44113819374999996 0.48961474687499995 0.47071064375000005 0.5783788359375001 0.47054053749999997 0.578208796875 0.455231440625
0 0.5188626890625 0.4315431890625 0.57803875625 0.43103288281249996 0.57803875625 0.4262700546875 0.585690828125 0.42456903749999997 0.585690828125 0.406368225 0.5775286140625 0.400924990625 0.5773585515625 0.39003852499999997 0.4892156265625 0.3915603546875 0.4885944609375 0.421847428125 0.5186926265625 0.421507228125 0.5188626890625 0.4315431890625
0 0.5775286140625 0.374729428125 0.5809295265625 0.374729428125 0.5850106453125 0.36962639375 0.585180684375 0.360100734375 0.581609709375 0.355337903125 0.5771885109375 0.355337903125 0.5771885109375 0.350745175 0.5186926265625 0.350745175 0.5185225859375 0.3599306328125 0.489028540625 0.3599427890625 0.48893456406249997 0.3917395375 0.5773585515625 0.389698325 0.5775286140625 0.374729428125
0 0.5787189390624999 0.2331169171875 0.510870515625 0.2331169171875 0.510870515625 0.24978682343749997 0.44132156250000004 0.25031028437499997 0.44200181718750003 0.287038959375 0.5775286140625 0.285337946875 0.5787189390624999 0.2331169171875
0 0.5113806578125 0.3433424125 0.57548804375 0.34249191562500003 0.5848405828125001 0.3360280703125 0.5850106453125 0.32156948281250003 0.5778686937499999 0.31833755468749997 0.5771885109375 0.285337946875 0.44150864843750004 0.287727521875 0.443022090625 0.33432706562500003 0.511550696875 0.334156959375 0.5113806578125 0.3433424125
0 0.4756796875 0.1311953125 0.4497578125 0.1311953125 0.4497578125 0.1945546875 0.4756796875 0.1945546875 0.4756796875 0.1311953125
0 0.512013421875 0.2065517625 0.5782773531250001 0.20605831874999997 0.5853222625 0.2012018171875 0.5856765671875 0.1874721171875 0.5823880234375001 0.1838535625 0.57696194375 0.18237324375 0.5771263656250001 0.1790836484375 0.5934046000000001 0.1790836484375 0.5924180546875 0.1425691484375 0.5767975234375 0.1425691484375 0.5838678749999999 0.13714131875 0.58370343125 0.12332501874999999 0.57696194375 0.11888406874999999 0.5106980140624999 0.11888406874999999 0.5105335921874999 0.13105556406250002 0.474195315625 0.1308910859375 0.4743597359375 0.1947092140625 0.5118490015625 0.19520265625 0.512013421875 0.2065517625
0 0.5100524109375 0.09425860781249999 0.5763750765625 0.0936903515625 0.5763750765625 0.08814983125 0.5834760125 0.0833196359375 0.583334 0.0718124171875 0.5753809640624999 0.0642830015625 0.590008875 0.0644250703125 0.590008875 0.027204185937499997 0.5753809640624999 0.0273462546875 0.5819138078125 0.02109541875 0.5820558218749999 0.0075992953125 0.5745288453125 0.0009222671875 0.509058278125 0.00106433125 0.5084902062500001 0.0171176171875 0.4702872171875 0.0168334796875 0.47057124375 0.08047835625000001 0.5100524109375 0.07976803125000001 0.5100524109375 0.09425860781249999
0 0.8909087765624999 1 0.928096784375 0.9992625546875 0.928096784375 0.96985521875 0.8052507359375 0.9721282468749999 0.805108721875 0.9832092734375 0.7993914265625001 0.9873632812500001 0.7996801640625 1 0.8909087765624999 1
0 0.9282388171875 0.9696885421875001 0.9279547703125001 0.937155784375 0.8647565125 0.9374399125 0.8648985265625001 0.9274954031249999 0.8059608218750001 0.9287739828125 0.8059608218750001 0.9374399125 0.7992859546875 0.942270103125 0.7993914265625001 0.95189453125 0.8056767953125 0.9563344828125 0.8056767953125 0.972813959375 0.9282388171875 0.9696885421875001
0 0.8055347625 0.9234437640625 0.8647565125 0.9227334390624999 0.8646145000000001 0.9152040234375001 0.8991250078125 0.9146357671875001 0.89898299375 0.8488599296875 0.865182571875 0.84900199375 0.865182571875 0.84246703125 0.805108721875 0.84246703125 0.8049666906249999 0.8488599296875 0.79942796875 0.8524115390624999 0.799569990625 0.864771146875 0.8053927484375001 0.8677545 0.8052507359375 0.8965935843749999 0.7986101765625 0.90205078125 0.7990019187499999 0.9183294406250001 0.8056767953125 0.9183294406250001 0.8055347625 0.9234437640625
0 0.849560528125 0.8129735515625001 0.87498185625 0.8129735515625001 0.8748398249999999 0.7829979546875 0.7873601765625 0.78376953125 0.78749840625 0.8344252796875 0.8499865874999999 0.8334308265624999 0.849560528125 0.8129735515625001
0 0.8484243843750001 0.759508096875 0.900403165625 0.7570929953125 0.900261153125 0.7274015359375 0.7859362015625 0.7288221765625 0.786930334375 0.7752772453125 0.848566396875 0.7751351859375 0.8484243843750001 0.759508096875
0 0.847572265625 0.715999453125 0.8772541468749999 0.7161415234375 0.877112134375 0.6863079953125 0.847714278125 0.6865921234375 0.847572265625 0.6703967734375 0.7859539265625 0.67111328125 0.7857941890625 0.7232447421875 0.8474302515625001 0.7232447421875 0.847572265625 0.715999453125
0 0.7809655531249999 0.6585561984375 0.78707235625 0.6615395562499999 0.7872143703125001 0.6656594265625 0.846720146875 0.6646649734375 0.8465781343750001 0.6557149078125 0.9077881281250001 0.6554307796875001 0.9079301609374999 0.596758171875 0.847714278125 0.596758171875 0.847714278125 0.5919279765625001 0.786930334375 0.5929224296875 0.7812495890625 0.6000256546875 0.7811075765625 0.610680484375 0.7861101765625 0.6139257812500001 0.7862202484374999 0.6413664 0.7811075765625 0.644349759375 0.7809655531249999 0.6585561984375
0 0.8478563109374999 0.5779195234375 0.8478563109374999 0.5695254125 0.9062259421875 0.56753650625 0.9063679562500001 0.517103634375 0.8470041921875 0.5173877625000001 0.8468621796875 0.5097162828124999 0.786078225 0.51028454375 0.786078225 0.5144044140624999 0.7792613359375 0.517813959375 0.7795453718750001 0.527900528125 0.786078225 0.5324465953125 0.786078225 0.557165809375 0.7794033484375 0.560871784375 0.7794033484375 0.5743679078125 0.7862202484374999 0.5783457109375 0.8478563109374999 0.5779195234375
0 0.7789772984375001 0.487208571875 0.7845160203125 0.49218082656249995 0.7843739984375 0.49672689375 0.8464361203124999 0.497011021875 0.8465781343750001 0.486072059375 0.9055158375 0.485219665625 0.904947765625 0.4265470578125 0.8455840015625 0.42697324999999997 0.8455840015625 0.4190176421875 0.78465804375 0.41987003125 0.78465804375 0.42555260625 0.7786932625 0.4289621515625 0.7788352765625 0.44288446718749996 0.7848601765625001 0.44486328124999996 0.78508409375 0.467319553125 0.7788352765625 0.4714394234375 0.7789772984375001 0.487208571875
0 0.7838531828125 0.407590953125 0.84563126875 0.40730682500000004 0.84563126875 0.4007718609375 0.9040008921875 0.3989250234375 0.9035748328125001 0.3418151203125 0.8454892468749999 0.3420992484375 0.8454892468749999 0.333575384375 0.783427134375 0.3349960296875 0.783427134375 0.339968284375 0.777462353125 0.3439460859375 0.7773203296875 0.358010465625 0.7835218890625 0.359573175 0.7836639125 0.3798883890625 0.7778289265625 0.38439453125 0.7777463890625 0.3990670921875 0.7838531828125 0.40162424531249996 0.7838531828125 0.407590953125
0 0.783143096875 0.3204439265625 0.8447791515624999 0.3195915421875 0.8447791515624999 0.3114938609375 0.9025807203125 0.3093628953125 0.9018706140624999 0.24671248124999998 0.84364300625 0.24827519062499998 0.8439270421874999 0.2388989375 0.7824330015625 0.24074577343749998 0.7824330015625 0.2465704171875 0.7767522578125 0.251542671875 0.7771783171875 0.267311825 0.7824330015625 0.27015311406250003 0.782575025 0.29174690625 0.7764601765625 0.30017578125 0.77661024375 0.31447721875 0.783143096875 0.314903415625 0.783143096875 0.3204439265625
0 0.84028366875 0.222266778125 0.87081765 0.222124709375 0.8709596828124999 0.21630007031249998 0.8952448453124999 0.21615800156249998 0.8952448453124999 0.16657751406250002 0.8397155953125001 0.16657751406250002 0.8397155953125001 0.15748539374999998 0.7781414265625 0.15751953125 0.7775114609375 0.2235453578125 0.84028366875 0.2242556734375 0.84028366875 0.222266778125
0 0.8391475234374999 0.14138288906250002 0.8702495765625 0.14138288906250002 0.8702495765625 0.1374050765625 0.8938246734374999 0.1374050765625 0.893540628125 0.08881904375 0.8706756359375 0.08881904375 0.87081765 0.0818578875 0.8401416546875 0.0818578875 0.8401416546875 0.0780221453125 0.7773601765625 0.07767578124999999 0.7777954968749999 0.14706546874999998 0.8391475234374999 0.14635514375 0.8391475234374999 0.14138288906250002
0 0.774763484375 0 0.77594925625 0.0704065859375 0.8390054906250001 0.0706907140625 0.8390054906250001 0.058757307812500006 0.86911343125 0.058615239062500005 0.8689790421874999 0 0.774763484375 0
0 0.77417745625 0.00007510000000000001 0.7667351765625 0.007363281250000001 0.7669345078124999 0.017264898437500002 0.774603515625 0.0242260578125 0.77417745625 0.00007510000000000001
0 0.775029575 0.0391797359375 0.76665048125 0.0452885125 0.7669345078124999 0.057363985937499994 0.775029575 0.06077353125 0.775029575 0.0391797359375
0 0.5781196328125 0.2359046140625 0.57759959375 0.2596605765625 0.586440203125 0.252030921875 0.5866135421875 0.24041304375 0.5781196328125 0.2359046140625
0 0.3149325046875 0.7052196390625001 0.303647053125 0.7050375515625 0.303647053125 0.7137775046875 0.2865614171875 0.7139279359375 0.2863548296875 0.7405435812500001 0.3149325046875 0.74036149375 0.3149325046875 0.7052196390625001