0 0.0872181984375 0.017681625 0.0817488703125 0.025338859375 0.0619030171875 0.0250263203125 0.057058754687500005 0.017994165625 0.045651296875000004 0.017994165625 0.0414321 0.024870049999999998 0.0361190375 0.025338859375 0.0359932671875 0.08144055781250001 0.05630791875 0.08144055781250001 0.056932984374999995 0.109412903125 0.087561228125 0.10910036406250001 0.0877174953125 0.0806592078125 0.1040833328125 0.0806458328125 0.10378245312500001 0.025807670312499996 0.1012821875 0.025807670312499996 0.0956565921875 0.017837895312499998 0.0872181984375 0.017681625
0 0.11662680624999999 0.017994903125 0.11084494375000001 0.025652137499999998 0.10381294999999999 0.02580840625 0.1041254828125 0.091754384375 0.113501475 0.091754384375 0.1141265421875 0.1569190109375 0.1475508328125 0.1564308328125 0.1460049171875 0.0254958671875 0.1295969296875 0.0254958671875 0.123971334375 0.0176823625 0.11662680624999999 0.017994903125
0 0.232732853125 0.00564810625 0.1460049171875 0.00564810625 0.14678625 0.0709690015625 0.15506837812500002 0.0709690015625 0.15522464375 0.10081658906249999 0.22255083281250002 0.10064583281249999 0.223356859375 0.070343921875 0.232732853125 0.0705001921875 0.232732853125 0.00564810625
0 0.25346912499999996 0.062373425 0.253781659375 0.10800429062500001 0.2898645828125 0.10767708281249999 0.29050429843750003 0.0054911125 0.23284194062500002 0.0056473828125 0.23362327343749997 0.062373425 0.25346912499999996 0.062373425
0 0.189868640625 0.13580602343749998 0.19002490625 0.164872259375 0.2209656828125 0.164872259375 0.221278215625 0.1767487859375 0.189868640625 0.176592515625 0.19002490625 0.22581759375 0.221278215625 0.2261301328125 0.22143448281250003 0.237225309375 0.2901770828125 0.2364270828125 0.29019176406249997 0.1292426796875 0.2197155515625 0.1303365703125 0.219559284375 0.13580602343749998 0.189868640625 0.13580602343749998
0 0.1748670515625 0.247528890625 0.175179584375 0.28690895312500003 0.235498471875 0.28690895312500003 0.235498471875 0.291753325 0.2887708328125 0.2912708328125 0.289254165625 0.23658998437499998 0.2209656828125 0.237215065625 0.2209656828125 0.247528890625 0.1748670515625 0.247528890625
0 0.1759609171875 0.298310521875 0.1754921171875 0.3375343140625 0.23456087343749998 0.3381593953125 0.23440460624999998 0.3440976578125 0.28830208281249997 0.3445520828125 0.2884728328125 0.2914346390625 0.23471713906249997 0.2919034484375 0.23456087343749998 0.2984667921875 0.1759609171875 0.298310521875
0 0.28816406250000004 0.3503359375 0.2042421875 0.3503359375 0.2042421875 0.4419140625 0.28816406250000004 0.4419140625 0.28816406250000004 0.3503359375
0 0.194703125 0.5287734375 0.16798437500000002 0.5287734375 0.16798437500000002 0.5626953125 0.194703125 0.5626953125 0.194703125 0.5287734375
0 0.2262787453125 0.4722165921875 0.2262787453125 0.48003009687500003 0.1950254359375 0.48003009687500003 0.195181703125 0.5051895796875 0.2262787453125 0.5051895796875 0.22612247968750002 0.5292551734375001 0.19486916875 0.5293951515625 0.19486916875 0.562993221875 0.2262787453125 0.5631494906250001 0.2267475453125 0.5736195875 0.2879895828125 0.5737708328125 0.28816030000000004 0.44143138437499996 0.1944003703125 0.44252527500000005 0.194712903125 0.47174778125000005 0.2262787453125 0.4722165921875
0 0.170335321875 0.600028709375 0.17049158749999999 0.6584737234375 0.22659127968749998 0.658317453125 0.22659127968749998 0.679882725 0.2865833328125 0.6790833328125 0.287066434375 0.578775978125 0.22737261250000002 0.5789322484375 0.2262787453125 0.599872440625 0.170335321875 0.600028709375
0 0.21002576718750002 0.8479991265625 0.21049456718749998 0.8797219546875 0.27580208281249996 0.8790833328125001 0.275813984375 0.825496234375 0.2217457578125 0.8261213156249999 0.22190202499999997 0.848155396875 0.21002576718750002 0.8479991265625
0 0.10496936406249999 0.845318515625 0.10496936406249999 0.9183753984375 0.15184477968750001 0.91686919375 0.150875690625 0.7868236453125 0.1269352953125 0.7868236453125 0.12594806249999999 0.8450717015625001 0.10496936406249999 0.845318515625
0 0.0832502421875 0.8450717015625001 0.08300343437499999 0.7873172734375 0.030680093749999998 0.7873172734375 0.029446053125 0.8460589562499999 0.0097013953125 0.8460589562499999 0.008217615624999999 0.9087253859375 0.10521617187500001 0.907268778125 0.10496936406249999 0.8448248875000001 0.0832502421875 0.8450717015625001
0 0.0785546875 0.6861171875000001 0.0193203125 0.6861171875000001 0.0193203125 0.7394453125 0.0785546875 0.7394453125 0.0785546875 0.6861171875000001
0 0.14939484218750002 0.71624784375 0.1498884578125 0.6841620515625 0.0921353375 0.6849024921875 0.0918767375 0.7525123359375 0.1148416921875 0.7522826578124999 0.115335309375 0.71624784375 0.14939484218750002 0.71624784375
0 0.0632578125 0.584703125 0.012898437500000002 0.584703125 0.012898437500000002 0.648890625 0.0632578125 0.648890625 0.0632578125 0.584703125
0 0.036359375 0.5237421875 0.012171875 0.5237421875 0.012171875 0.5711328124999999 0.036359375 0.5711328124999999 0.036359375 0.5237421875
0 0.035125 0.4183671875 0.012656249999999999 0.4183671875 0.012656249999999999 0.4428203125 0.035125 0.4428203125 0.035125 0.4183671875
0 0.035359375 0.442578125 0.012171875 0.442578125 0.012171875 0.479578125 0.035359375 0.479578125 0.035359375 0.442578125
0 0.036351562500000004 0.47934374999999996 0.0119296875 0.47934374999999996 0.0119296875 0.513875 0.036351562500000004 0.513875 0.036351562500000004 0.47934374999999996
0 0.0425234375 0.3500234375 0.0126640625 0.3500234375 0.0126640625 0.3746953125 0.0425234375 0.3746953125 0.0425234375 0.3500234375
0 0.150875 0.20983593749999999 0.10346875 0.20983593749999999 0.10346875 0.23650781250000003 0.150875 0.23650781250000003 0.150875 0.20983593749999999
0 0.036609375 0.18837500000000001 0.011671875 0.18837500000000001 0.011671875 0.23603125 0.036609375 0.23603125 0.036609375 0.18837500000000001
0 0.4993741390625 0.566993990625 0.5172639875 0.56636256875 0.5197896125 0.5415266875 0.49832179375 0.5415266875 0.49832179375 0.5286877999999999 0.5254722703125 0.5284773265625 0.531154928125 0.5114289671875001 0.531154928125 0.5013262359375 0.49853226250000005 0.5013262359375 0.49832179375 0.48869782187500005 0.531786334375 0.488852165625 0.531365396875 0.46296391562499994 0.4993741390625 0.46296391562499994 0.4991636703125 0.4347604578125 0.531996803125 0.43499988125 0.532207271875 0.378382490625 0.49895320156249995 0.37796154375 0.49853226250000005 0.324080309375 0.531786334375 0.3242827875 0.531154928125 0.2670339765625 0.49832179375 0.2670339765625 0.498111325 0.2348315203125 0.4412738671875 0.2346153890625 0.43918005937500004 0.577096721875 0.49790085624999997 0.5773071953125 0.4993741390625 0.566993990625
0 0.5227361765625 0.6252167875 0.49495429375000005 0.624795840625 0.49705898125000003 0.61511405625 0.52000008125 0.61511405625 0.5229466453125 0.6130093203125 0.5229466453125 0.5921724375 0.5214733625 0.5896467546874999 0.507582421875 0.5896467546874999 0.5185268 0.5780707078125 0.43833818437499994 0.577018340625 0.43770677812500003 0.688358859375 0.4661200671875 0.6885693328125 0.4722236625 0.6896217015625 0.49367504999999995 0.689390309375 0.49390195 0.6782561281249999 0.5225257078125 0.6784666015624999 0.5227361765625 0.6252167875
0 0.49116585468749996 0.8799483765625 0.48990304218749997 0.8770017453125 0.4901135109375 0.8683723296875 0.49221819843750003 0.8618476484375 0.4926391359375 0.8471144984375 0.4669619421875 0.8473249718750001 0.4669619421875 0.8022836281249999 0.49242866718749995 0.8022836281249999 0.49327054375 0.749382396875 0.4678038171875 0.749382396875 0.46801428593749994 0.714443784375 0.49242866718749995 0.714443784375 0.4926391359375 0.6898183765625 0.47243413125 0.6898183765625 0.4692770984375 0.6883450609375 0.437917246875 0.6883450609375 0.43686490312500004 0.7832631234375 0.4246577125 0.8238734828125001 0.42276349375000005 0.9147980656250001 0.46610655625 0.914778528125 0.4659095984375 0.8969967359375 0.49095538593750004 0.8967862609375 0.49116585468749996 0.8799483765625
0 0.6175546875 0.69090625 0.5605078125 0.69090625 0.5605078125 0.7136875 0.6175546875 0.7136875 0.6175546875 0.69090625
0 0.7005703125 0.6540390625 0.6753984375 0.6540390625 0.6753984375 0.6913046875 0.7005703125 0.6913046875 0.7005703125 0.6540390625
0 0.70140625 0.616734375 0.6761874999999999 0.616734375 0.6761874999999999 0.653234375 0.70140625 0.653234375 0.70140625 0.616734375
0 0.70140625 0.5790390624999999 0.67659375 0.5790390624999999 0.67659375 0.6171484375 0.70140625 0.6171484375 0.70140625 0.5790390624999999
0 0.70221875 0.5413593750000001 0.67740625 0.5413593750000001 0.67740625 0.5788593750000001 0.70221875 0.5788593750000001 0.70221875 0.5413593750000001
0 0.7022109375000001 0.50225 0.6763828125 0.50225 0.6763828125 0.5343125 0.7022109375000001 0.5343125 0.7022109375000001 0.50225
0 0.7022109375000001 0.46315625000000005 0.6767890624999999 0.46315625000000005 0.6767890624999999 0.49359374999999994 0.7022109375000001 0.49359374999999994 0.7022109375000001 0.46315625000000005
0 0.755785609375 0.46664600468749995 0.744166390625 0.46732950312500005 0.7418881125000001 0.6501159296875 0.8074645203124999 0.6505487765625 0.8104642875 0.6477120796875 0.8122869109374999 0.4671016703125 0.755785609375 0.46664600468749995
0 0.8414140625 0.46749999999999997 0.8118359375 0.46749999999999997 0.8118359375 0.51396875 0.8414140625 0.51396875 0.8414140625 0.46749999999999997
0 0.766453125 0.6505156249999999 0.741203125 0.6505156249999999 0.741203125 0.683078125 0.766453125 0.683078125 0.766453125 0.6505156249999999
0 0.7837734375000001 0.6821796875 0.7409765625 0.6821796875 0.7409765625 0.7347890625 0.7837734375000001 0.7347890625 0.7837734375000001 0.6821796875
0 0.7389263500000001 0.9166087078125 0.769421303125 0.916810296875 0.7717335578125 0.73502581875 0.741204628125 0.7347979859375 0.7389263500000001 0.9166087078125
0 0.8819032984374999 0.8367486859375 0.881121965625 0.8773789078125 0.9351770828125 0.8781458328125 0.9351901921874999 0.806744828125 0.9083123453124999 0.8072136390625 0.9078435468749999 0.8367486859375 0.8819032984374999 0.8367486859375
0 0.9543828124999999 0.7216171874999999 0.9187109375 0.7216171874999999 0.9187109375 0.7478203125 0.9543828124999999 0.7478203125 0.9543828124999999 0.7216171874999999
0 0.9598094609375 0.57885398125 0.9338323703125001 0.5788486578125001 0.930607403125 0.7218932234375 0.958727903125 0.722434015625 0.9598094609375 0.57885398125
0 0.9622421875 0.46989843750000004 0.9403203124999999 0.46989843750000004 0.9403203124999999 0.5085703125000001 0.9622421875 0.5085703125000001 0.9622421875 0.46989843750000004
0 0.70128125 0.262234375 0.6770937499999999 0.262234375 0.6770937499999999 0.293359375 0.70128125 0.293359375 0.70128125 0.262234375
0 0.70128125 0.292640625 0.67734375 0.292640625 0.67734375 0.326390625 0.70128125 0.326390625 0.70128125 0.292640625
0 0.7012890625 0.38167968750000003 0.6773359375 0.38167968750000003 0.6773359375 0.4063515625 0.7012890625 0.4063515625 0.7012890625 0.38167968750000003
0 0.7017578125 0.405875 0.6761484375 0.405875 0.6761484375 0.43746875 0.7017578125 0.43746875 0.7017578125 0.405875