0 0.265109375 0.147609375 0.173453125 0.147609375 0.173453125 0.20354687500000002 0.265109375 0.20354687500000002 0.265109375 0.147609375
0 0.17356230156250002 0 0.1738478640625 0.089095790625 0.3383845359375 0.0894749078125 0.3535492046875 0.1095680953125 0.38766971250000004 0.10994721249999999 0.3975267484375 0.088716675 0.45363602812500003 0.088716675 0.45287779375000004 0.025404176562500002 0.46993804843750003 0.025404176562500002 0.469102384375 0 0.17356230156250002 0
0 0.46311394687499996 0.3575104515625 0.521118809375 0.35788956875 0.521118809375 0.3351425640625 0.5457819078124999 0.3351195609375 0.5457819078124999 0.3002196515625 0.52178821875 0.3008428640625 0.5214766125 0.26687777343749997 0.5460935140625 0.26687777343749997 0.5451586953125 0.2357171390625 0.52178821875 0.2350939265625 0.5220998265625 0.216709153125 0.188681046875 0.217955578125 0.18939165156249999 0.36016426875 0.23336919531250003 0.359785153125 0.2326109609375 0.397696828125 0.46273482968749996 0.3984550609375 0.46311394687499996 0.3575104515625
0 0.23255468750000002 0.35878125 0.1899453125 0.35878125 0.1899453125 0.3979375 0.23255468750000002 0.3979375 0.23255468750000002 0.35878125
0 0.19043749999999998 0.3321796875 0.17590625 0.3321796875 0.17590625 0.3595078125 0.19043749999999998 0.3595078125 0.19043749999999998 0.3321796875
0 0.6829793343749999 0.5682723328125 0.7228515859375 0.5680246796875 0.7228515859375 0.527904775 0.769162834375 0.5274094671875 0.769162834375 0.4714397234375 0.7268140453124999 0.4711920703125 0.7265663921875001 0.4305768578125 0.6829793343749999 0.4305768578125 0.6833657921875 0.400187578125 0.1756933140625 0.39890880625 0.1755665546875 0.6024485484375 0.6832269890625 0.604182125 0.6829793343749999 0.5682723328125
0 0.40265625 0.755 0.48972813125 0.754474175 0.489388925 0.78161068125 0.6450846296875 0.7805930609375 0.6461022484375001 0.713430209375 0.6647585968749999 0.7124125890624999 0.6637409765625 0.688328940625 0.6474590734375 0.6890073531249999 0.6474590734375 0.6791703703125 0.262459890625 0.67272545 0.26279909687499997 0.6150603734375 0.175962278125 0.6147211671874999 0.17630148437499998 0.7280160812500001 0.4025521046875 0.7297121125 0.40265625 0.755
0 0.26453125 0.7279687499999999 0.17625 0.7279687499999999 0.17625 0.79359375 0.26453125 0.79359375 0.26453125 0.7279687499999999
0 0.26453125 0.7940625 0.24390625 0.7940625 0.24390625 0.81484375 0.26453125 0.81484375 0.26453125 0.7940625
0 0.5608120390625 0.8813652453125 0.6316992171875 0.8811430296875 0.631254784375 0.9035869312499999 0.7430298640624999 0.9015869796875 0.7430298640624999 0.8451438984375 0.759696128125 0.8306998015625 0.7594739109375 0.8073670312499999 0.7448075984375 0.7958117546875 0.74391873125 0.7811454421875 0.47659185 0.7822565265625 0.4759252 0.8624768125 0.56036760625 0.8609212953125001 0.5608120390625 0.8813652453125
0 0.4761484375 0.7820390625 0.40082031249999994 0.7820390625 0.40082031249999994 0.8271484375 0.4761484375 0.8271484375 0.4761484375 0.7820390625