0 0 0.650390625 0.03584375 0.650390625 0.03584375 0.592453125 0 0.592453125 0 0.650390625
0 0.0853671875 0.5925312500000001 0.0363828125 0.5925312500000001 0.0363828125 0.64403125 0.0853671875 0.64403125 0.0853671875 0.5925312500000001
0 0.14227343750000002 0.726140625 0.0940078125 0.726140625 0.0940078125 0.749546875 0.14227343750000002 0.749546875 0.14227343750000002 0.726140625
0 0.40503125000000006 0.59309375 0.142625 0.59309375 0.142625 0.6863125 0.40503125000000006 0.6863125 0.40503125000000006 0.59309375
0 0.890109375 0.751203125 0.853140625 0.751203125 0.853140625 0.822640625 0.890109375 0.822640625 0.890109375 0.751203125
0 0.746515625 0.6649453125 0.7155781250000001 0.6649453125 0.7155781250000001 0.6860546875 0.746515625 0.6860546875 0.746515625 0.6649453125
0 0.550328125 0.47214062500000004 0.322453125 0.47214062500000004 0.322453125 0.5296406250000001 0.550328125 0.5296406250000001 0.550328125 0.47214062500000004
0 0.18965625 0.4824140625 0.12353125000000001 0.4824140625 0.12353125000000001 0.5292421875 0.18965625 0.5292421875 0.18965625 0.4824140625
0 0 0 0 0.174117384375 0.10252685156250001 0.1735289953125 0.103185471875 0.23741517499999998 0.14945355625 0.23741517499999998 0.14928890156250002 0.172376409375 0.172340615625 0.172376409375 0.1713171765625 0 0 0
0 0.2923159 0 0.2923159 0.088095190625 0.271019309375 0.088095190625 0.2483916828125 0.1060641890625 0.24855806249999998 0.1340159640625 0.271019309375 0.1493228890625 0.2708529296875 0.15897290625 0.2923159 0.15897290625 0.292149521875 0.256637740625 0.39214367031249997 0.256637740625 0.391991453125 0 0.2923159 0
0 0.4323206578125 0 0.43086531250000004 0.123158690625 0.4201542671875 0.12357873281250001 0.4205743078125 0.3898847015625 0.4907211484375 0.3898847015625 0.4907211484375 0.311967103125 0.511723196875 0.311967103125 0.5115131765625 0.1221085890625 0.5495268828125 0.12189856875 0.5495268828125 0.0292795359375 0.546586596875 0.0204586765625 0.546490546875 0 0.4323206578125 0
0 0.7342350265625 0 0.73258793125 0.126826290625 0.70707345 0.126826290625 0.7068756640625 0.17548181093749998 0.6948106765625 0.1859645046875 0.6954040359375 0.20514981250000003 0.7076668109375001 0.2108856265625 0.7076668109375001 0.22730192031250002 0.8745987625 0.2271041328125 0.8734120421875 0.12603514375 0.8542267359375 0.12603514375 0.8532459171875001 0 0.7342350265625 0
0 1 0 0.8947445453125 0 0.8949172328125 0.1198443046875 0.8879513625 0.1259906609375 0.88979526875 0.2675617203125 1 0.2671946765625 1 0
0 0.8383604375000001 1 0.8394734453125 0.9660532640625 0.812560934375 0.9660532640625 0.8138899468749999 0.9039219109375001 0.759068165625 0.9032574046875 0.7587359124999999 0.6869605562500001 0.6976013187500001 0.6876250625 0.697269065625 0.8999348734374999 0.59859375 0.8998437499999999 0.5985917749999999 1 0.8383604375000001 1
0 0.9236972546875 0.6637892109375 0.9234372765625001 0.6804278640625 0.9751730875 0.680947821875 0.976213003125 0.5844956296875 0.7578306828125 0.58917525 0.760430471875 0.6838075890625 0.8129462203125 0.6819877375 0.8129462203125 0.6640491890625 0.9236972546875 0.6637892109375
0 0.758265625 0.5921093749999999 0.502609375 0.5921093749999999 0.502609375 0.657765625 0.758265625 0.657765625 0.758265625 0.5921093749999999