0 0.1313976140625 0.1399161578125 0.1598914921875 0.14050979375 0.160287240625 0.1056831546875 0.17334693437499998 0.1054852765625 0.17334693437499998 0.14189494375 0.24220713906250002 0.1411034296875 0.2420092640625 0.10607891250000001 0.2522987203125 0.10588103281250001 0.251111475 0.0433513859375 0.1181345734375 0.0443353328125 0.11814004687499999 0.105287396875 0.131199740625 0.105287396875 0.1313976140625 0.1399161578125
0 0.2863125 0.0427578125 0.2525 0.0427578125 0.2525 0.0888671875 0.2863125 0.0888671875 0.2863125 0.0427578125
0 0.31363970625 0.105287396875 0.3142333296875 0.1727640109375 0.3915676890625 0.176105559375 0.3914042484375 0.0421641140625 0.2944459140625 0.04236199375 0.29622678125 0.105287396875 0.31363970625 0.105287396875
0 0.282578125 0.1268359375 0.253078125 0.1268359375 0.253078125 0.1919453125 0.282578125 0.1919453125 0.282578125 0.1268359375
0 0.2837265625 0.19115625 0.25308593749999997 0.19115625 0.25308593749999997 0.22496875 0.2837265625 0.22496875 0.2837265625 0.19115625
0 0.32531428125 0.25387868281250003 0.3259079046875 0.2732707875 0.39255695468749996 0.27424074374999996 0.391602121875 0.22577991718749998 0.25368383906249997 0.2245926453125 0.2538817140625 0.253285046875 0.32531428125 0.25387868281250003
0 0.177898040625 0.1968896359375 0.20619404375 0.1968896359375 0.20619404375 0.17393571562500001 0.11892598750000001 0.174127028125 0.11893154375 0.20480478125 0.177898040625 0.2053984171875 0.177898040625 0.1968896359375
0 0.11873366875 0.20500266093750003 0.11873366875 0.270698365625 0.1777005234375 0.270679446875 0.177898040625 0.2602107984375 0.2065897921875 0.2604086765625 0.206787665625 0.21806264999999997 0.177898040625 0.21806264999999997 0.177898040625 0.20500266093750003 0.11873366875 0.20500266093750003
0 0.19689395781250002 0.3080870484375 0.19689395781250002 0.2871119140625 0.11893154375 0.28730979218749997 0.1191294171875 0.3302494546875 0.18303042187500002 0.3304310515625 0.18264701875 0.3128361359375 0.19451946874999998 0.3126382578125 0.19689395781250002 0.3080870484375
0 0.2663515625 0.27225781250000003 0.2425859375 0.27225781250000003 0.2425859375 0.3296484375 0.2663515625 0.3296484375 0.2663515625 0.27225781250000003
0 0.26653125 0.3294609375 0.24300000000000002 0.3294609375 0.24300000000000002 0.3599140625 0.26653125 0.3599140625 0.26653125 0.3294609375
0 0.1191294171875 0.330241671875 0.1193272921875 0.36684921875 0.1970779984375 0.3680231578125 0.19689395781250002 0.3395419671875 0.18284489375 0.3395419671875 0.18264701875 0.33083530781250003 0.1191294171875 0.330241671875
0 0.19728970625 0.368036490625 0.1197230390625 0.36684921875 0.119525165625 0.4064249453125 0.1840196875 0.4070002375 0.18363639062499998 0.3933649546875 0.1970918328125 0.3931670765625 0.19728970625 0.368036490625
0 0.1197230390625 0.4064145671875 0.1197230390625 0.43767939062499994 0.1964844390625 0.4378653359375 0.19610246250000002 0.4127466828125 0.1832406421875 0.4129445609375 0.1832406421875 0.4066124453125 0.1197230390625 0.4064145671875
0 0.1959045875 0.43787726875 0.11992091406250001 0.4374815109375 0.11992091406250001 0.47428693749999995 0.1840196875 0.47446817656249995 0.1832406421875 0.46379936875 0.1957067140625 0.46379936875 0.1959045875 0.43787726875
0 0.26653906250000003 0.40699218750000005 0.2427734375 0.40699218750000005 0.2427734375 0.4386640625 0.26653906250000003 0.4386640625 0.26653906250000003 0.40699218750000005
0 0.26671875 0.437875 0.24359375 0.437875 0.24359375 0.481 0.26671875 0.481 0.26671875 0.437875
0 0.24517187499999998 0.49642968749999994 0.216265625 0.49642968749999994 0.216265625 0.5207890625 0.24517187499999998 0.5207890625 0.24517187499999998 0.49642968749999994
0 0.30809923125 0.3614429625 0.33995696875000003 0.3612450828125 0.3403527171875 0.39936052499999997 0.3106715953125 0.399558403125 0.3104737203125 0.42429323124999996 0.3409463390625 0.42449111093749997 0.3411442140625 0.44942381718749996 0.310275846875 0.44922593906249997 0.310275846875 0.4804907625 0.3405505921875 0.4804907625 0.340748465625 0.494935903125 0.393185115625 0.495331659375 0.3919978703125 0.2744450875 0.3391365921875 0.273647184375 0.33956122031249997 0.30920300312500004 0.30790135625000004 0.30880724531250003 0.30809923125 0.3614429625
0 0.2914778015625 0.505933884375 0.291279928125 0.5302729562499999 0.329271765625 0.530470834375 0.32966751250000004 0.5664847453124999 0.29167567656250004 0.566286865625 0.2922692984375 0.5933962390625 0.3302611359375 0.5937919953125 0.330459009375 0.6009156265625 0.3933483671875 0.60247919375 0.3927893671875 0.49465480156249997 0.32966751250000004 0.4954463171875 0.32966751250000004 0.5057360046875 0.2914778015625 0.505933884375
0 0.2505234375 0.5866484375 0.21647656249999997 0.5866484375 0.21647656249999997 0.6082265625 0.2505234375 0.6082265625 0.2505234375 0.5866484375
0 0.3294696390625 0.609614503125 0.32966751250000004 0.6155508609375 0.29662252968749997 0.6155508609375 0.2968204046875 0.645430534375 0.383570559375 0.645807821875 0.384478653125 0.6345472109375 0.3927893671875 0.6309853953125 0.3927893671875 0.6202999484375 0.3854680234375 0.6201020703125 0.38527015 0.60981238125 0.3294696390625 0.609614503125
0 0.3935808640625 0.6624403140624999 0.38487440156249997 0.6588784984375 0.3846765265625 0.6460163875 0.2974140265625 0.6454227515625 0.2976119015625 0.671740609375 0.32966751250000004 0.67154273125 0.3298653875 0.6814366625 0.38365356093749997 0.682411884375 0.3832914078125 0.6760939390625 0.3935808640625 0.6705533375 0.3935808640625 0.6624403140624999
0 0.39377873750000003 0.6942987734375 0.38368715625 0.6903412 0.3832914078125 0.6810409046875 0.2974140265625 0.68044726875 0.297216153125 0.7063693703125 0.3298653875 0.7065672484375 0.32966751250000004 0.7154717859375 0.3830600015625 0.7160469265625 0.3824999109375 0.70696300625 0.3935808640625 0.701026646875 0.39377873750000003 0.6942987734375
0 0.330459009375 0.7518736703125 0.3308547578125 0.7738381984375 0.3941397796875 0.775007178125 0.39377873750000003 0.7247642984375 0.2974140265625 0.7243685421875 0.2976119015625 0.7516757921874999 0.330459009375 0.7518736703125
0 0.2815859375 0.7243515625 0.2554453125 0.7243515625 0.2554453125 0.8037109375 0.2815859375 0.8037109375 0.2815859375 0.7243515625
0 0.255671875 0.7241640625 0.23645312500000001 0.7241640625 0.23645312500000001 0.7576171875 0.255671875 0.7576171875 0.255671875 0.7241640625
0 0.2556640625 0.7575937500000001 0.2235859375 0.7575937500000001 0.2235859375 0.78175 0.2556640625 0.78175 0.2556640625 0.7575937500000001
0 0.224203125 0.7575859375 0.189765625 0.7575859375 0.189765625 0.7813515625 0.224203125 0.7813515625 0.224203125 0.7575859375
0 0.189578125 0.7576015625 0.155140625 0.7576015625 0.155140625 0.7815546875 0.189578125 0.7815546875 0.189578125 0.7576015625
0 0.1547578125 0.7568046875000001 0.12130468750000001 0.7568046875000001 0.12130468750000001 0.7811640625 0.1547578125 0.7811640625 0.1547578125 0.7568046875000001
0 0.25902644218750004 0.9521060890624999 0.28630978906250004 0.95248149375 0.283958584375 0.9469612453125 0.280990471875 0.8034992375 0.2570477 0.8034992375 0.25902644218750004 0.9521060890624999
0 0.3949609375 0.8529609375 0.3456640625 0.8529609375 0.3456640625 0.9471640625 0.3949609375 0.9471640625 0.3949609375 0.8529609375
0 0.24893485937499998 0.89650219375 0.2485391109375 0.851385865625 0.2012471890625 0.8496049578125 0.20184081250000002 0.89511704375 0.1903641109375 0.895314921875 0.1901531375 0.94239098125 0.2582349453125 0.94419094375 0.257839196875 0.896700071875 0.24893485937499998 0.89650219375
0 0.177700165625 0.8957106796875 0.1773044171875 0.8666225203125 0.1323869859375 0.8666225203125 0.1329806078125 0.89412765 0.1228890265625 0.89412765 0.12268519687499999 0.9412038624999999 0.1897704890625 0.9426079140624999 0.1899683625 0.8955128015625 0.177700165625 0.8957106796875
0 0.1775 0.848609375 0.13218749999999999 0.848609375 0.13218749999999999 0.866421875 0.1775 0.866421875 0.1775 0.848609375
0 0.1755040171875 0.5326836546875 0.17534775 0.5275267421875001 0.119873125 0.5273704718750001 0.120029390625 0.5805023015625 0.17423958281250002 0.5822083328125001 0.17394135156249999 0.5645627515625 0.198631465625 0.5645627515625 0.1987877328125 0.532527384375 0.1755040171875 0.5326836546875
0 0.120966990625 0.6061203515625 0.120966990625 0.6437814421875 0.1876770828125 0.6442395828125 0.1876928078125 0.6361242078125 0.21613331875 0.6358116671875 0.21597705312499998 0.60752678125 0.120966990625 0.6061203515625
0 0.2158207859375 0.64377734375 0.120966990625 0.643308534375 0.1212795234375 0.680657084375 0.1868958328125 0.6801770828125 0.187067740625 0.6728435796875 0.21550825312500002 0.6728435796875 0.2158207859375 0.64377734375
0 0.2158207859375 0.6808113062500001 0.121904590625 0.6803424953125 0.12159205625 0.7178473171875 0.1872083328125 0.7184583328125 0.187380275 0.7128466734375001 0.2156645203125 0.712690403125 0.2158207859375 0.6808113062500001
0 0.650109375 0.9107578125 0.5726718749999999 0.9107578125 0.5726718749999999 0.9566796875 0.650109375 0.9566796875 0.650109375 0.9107578125
0 0.6865703125 0.9207578125 0.6497109375 0.9207578125 0.6497109375 0.9570546875 0.6865703125 0.9570546875 0.6865703125 0.9207578125
0 0.7374921875 0.8177734375 0.7175078125 0.8177734375 0.7175078125 0.8364140624999999 0.7374921875 0.8364140624999999 0.7374921875 0.8177734375
0 0.841984375 0.8679296875 0.774765625 0.8679296875 0.774765625 0.9424453125 0.841984375 0.9424453125 0.841984375 0.8679296875
0 0.7467196421875 0.942466753125 0.7530593828125001 0.9499593453124999 0.7620887125 0.9499593453124999 0.7668915468749999 0.942466753125 0.774960309375 0.942466753125 0.7759208765625 0.8371862312499999 0.7480644359374999 0.8369941125 0.7484486625 0.8773388390625 0.7376903125000001 0.8773388390625 0.7373060859375 0.8369941125 0.70676005625 0.8369941125 0.706183715625 0.9428509875 0.7138682515625 0.9426588703125001 0.7175060125 0.9493623171875001 0.73096634375 0.9497672265625001 0.7359612921875 0.9426588703125001 0.7467196421875 0.942466753125
0 0.709640625 0.7330703125 0.672359375 0.7330703125 0.672359375 0.7993671875 0.709640625 0.7993671875 0.709640625 0.7330703125
0 0.816265625 0.7332578125 0.758609375 0.7332578125 0.758609375 0.7570859375000001 0.816265625 0.7570859375000001 0.816265625 0.7332578125
0 0.768625 0.7002109375 0.748625 0.7002109375 0.748625 0.7328828125 0.768625 0.7328828125 0.768625 0.7002109375
0 0.7670859375 0.6448984375 0.7478515625 0.6448984375 0.7478515625 0.6750703125 0.7670859375 0.6750703125 0.7670859375 0.6448984375
0 0.848546875 0.64509375 0.796265625 0.64509375 0.796265625 0.73346875 0.848546875 0.73346875 0.848546875 0.64509375
0 0.8466250000000001 0.46624999999999994 0.819125 0.46624999999999994 0.819125 0.5045 0.8466250000000001 0.5045 0.8466250000000001 0.46624999999999994
0 0.8460390625 0.42975 0.8191171875000001 0.42975 0.8191171875000001 0.46587500000000004 0.8460390625 0.46587500000000004 0.8460390625 0.42975
0 0.8454765625 0.3938203125 0.8187421875 0.3938203125 0.8187421875 0.43052343750000005 0.8454765625 0.43052343750000005 0.8454765625 0.3938203125
0 0.8454609375000001 0.3536796875 0.8181640625 0.3536796875 0.8181640625 0.3946015625 0.8454609375000001 0.3946015625 0.8454609375000001 0.3536796875
0 0.84546875 0.280296875 0.80990625 0.280296875 0.80990625 0.305671875 0.84546875 0.305671875 0.84546875 0.280296875
0 0.7073359375 0.24860937500000002 0.6642890625 0.24860937500000002 0.6642890625 0.280703125 0.7073359375 0.280703125 0.7073359375 0.24860937500000002
0 0.7557343750000001 0.2376484375 0.706953125 0.2376484375 0.706953125 0.28088281249999997 0.7557343750000001 0.28088281249999997 0.7557343750000001 0.2376484375
0 0.8437109375 0.23688281249999998 0.7561328125 0.23688281249999998 0.7561328125 0.2570546875 0.8437109375 0.2570546875 0.8437109375 0.23688281249999998
0 0.693888459375 0.1437419453125 0.693888459375 0.10647110468750001 0.706183715625 0.10647110468750001 0.7065679421875 0.1556532453125 0.7407641265625 0.1558453640625 0.7405720125 0.1062789859375 0.774768196875 0.10666322187499999 0.7751524234375 0.15603748125 0.7972454640625 0.15603748125 0.7972454640625 0.10608686875 0.8187621625 0.10647110468750001 0.8197227296875 0.155461128125 0.8431348640625 0.15563385624999998 0.8431605640625 0.042880131249999995 0.6614212953124999 0.0421116609375 0.6625739765625 0.1437419453125 0.693888459375 0.1437419453125
0 0.6946484374999999 0.1439296875 0.6633515625 0.1439296875 0.6633515625 0.1711953125 0.6946484374999999 0.1711953125 0.6946484374999999 0.1439296875
0 0.6621875 0.0421015625 0.6287499999999999 0.0421015625 0.6287499999999999 0.0761171875 0.6621875 0.0761171875 0.6621875 0.0421015625
0 0.6308828125 0.0428671875 0.5680546875 0.0428671875 0.5680546875 0.1316328125 0.6308828125 0.1316328125 0.6308828125 0.0428671875
0 0.6706574078124999 0.3073947 0.6408798328125 0.30777893437500004 0.64049560625 0.2808824515625 0.586127515625 0.280498215625 0.587280196875 0.38347332500000003 0.6402846078125 0.3832641140625 0.64049560625 0.363685196875 0.6706574078124999 0.3634930796875 0.6706574078124999 0.3073947
0 0.5878565359375 0.39537202968749996 0.5882407640625 0.43110592968750006 0.687539496875 0.4310952828125 0.6871791593750001 0.41035721406250003 0.6543277703125 0.41054933125000004 0.65413565625 0.3959483828125 0.5878565359375 0.39537202968749996
0 0.6871791593750001 0.431298046875 0.58804865 0.4305295765625 0.5884328765625 0.469529478125 0.655459959375 0.46912970625000006 0.6550962234375 0.45166252812499996 0.6873712734375 0.45108617500000003 0.6871791593750001 0.431298046875
0 0.689676634375 0.468179615625 0.5878565359375 0.469524440625 0.5884328765625 0.506218928125 0.6556520515625001 0.50639575625 0.654904109375 0.49699727656250003 0.689868746875 0.4964209234375 0.689676634375 0.468179615625
0 0.6428009671875 0.7158734875 0.6919819953124999 0.7158734875 0.6914056546875 0.6616962843749999 0.6449142140624999 0.6615041671874999 0.6447221 0.624233325 0.6933267890625 0.6245533812499999 0.6925583343749999 0.5742185328125 0.6443378734375 0.574026415625 0.6441457609375 0.535987103125 0.6927504484375 0.5361792203125 0.6927504484375 0.506208853125 0.58822739375 0.5060115703125 0.590161896875 0.731819259375 0.6429930796875001 0.7333562015624999 0.6428009671875 0.7158734875