0 0.354203125 0.7885156249999999 0.32829687500000004 0.7885156249999999 0.32829687500000004 0.853078125 0.354203125 0.853078125 0.354203125 0.7885156249999999
0 0.355125 0.852640625 0.328625 0.852640625 0.328625 0.9118281250000001 0.355125 0.9118281250000001 0.355125 0.852640625
0 0.3551171875 0.9115546875 0.3296328125 0.9115546875 0.3296328125 0.9159453125000001 0.3551171875 0.9159453125000001 0.3551171875 0.9115546875
0 0.8843125000000001 0.34228125 0.83878125 0.34228125 0.83878125 0.362875 0.8843125000000001 0.362875 0.8843125000000001 0.34228125
0 0.881897215625 0.4083303671875 0.8724706109374999 0.408088575 0.8715037828125001 0.362632890625 0.8300076890625 0.3630257953125 0.8306552125 0.457654625 0.8816555171875 0.45741284843749996 0.881897215625 0.4083303671875
0 0.886378778125 0.0638430734375 0.9436705312500001 0.0638430734375 0.9436705312500001 0.0164138921875 0.8458381078125001 0.016111417187499998 0.8454843171875 0.051985775 0.8861812140625001 0.051985775 0.886378778125 0.0638430734375
0 0.8456875 0.000015625 0.81715625 0.000015625 0.81715625 0.037640625 0.8456875 0.037640625 0.8456875 0.000015625
0 0.2632622703125 0.797676334375 0.22376790781250003 0.797676334375 0.223938146875 0.7898430234375 0.173046553125 0.7896516499999999 0.173038078125 0.8215168374999999 0.2634325203125 0.8210059703124999 0.2632622703125 0.797676334375
0 0.22376790781250003 0.8445059 0.2634325203125 0.843995028125 0.2634325203125 0.821176259375 0.173046553125 0.8216787906249999 0.1738892421875 0.8543826749999999 0.223938146875 0.854212390625 0.22376790781250003 0.8445059
0 0.2630920421875 0.86136454375 0.224108375 0.86136454375 0.224108375 0.8543826749999999 0.173046553125 0.8546423984375 0.173038078125 0.8838427359375001 0.2632622703125 0.881969553125 0.2630920421875 0.86136454375
0 0.22478931093750001 0.9076832375 0.2637729765625 0.9070020828124999 0.2639432046875 0.881969553125 0.173046553125 0.8834855546875 0.1728678390625 0.915686840625 0.22478931093750001 0.9153462515624999 0.22478931093750001 0.9076832375
0 0.5205580703125 0.7908066140625001 0.41695129375000006 0.7556739921875 0.41817233906249995 0.7807737546875 0.520349128125 0.8169338578125 0.5205580703125 0.7908066140625001
0 0.648644709375 0.833446275 0.576556796875 0.8089911843750001 0.5767657671875 0.8369995906250001 0.6488536796875 0.8633358453125 0.648644709375 0.833446275
0 0.5878401296875 0.7493486328125 0.6152126499999999 0.7493486328125 0.61458579375 0.6237288453125001 0.57810350625 0.612223234375 0.5773925953125 0.7142336234375 0.587422215625 0.7142336234375 0.5878401296875 0.7493486328125
0 0.6411224875 0.7156967515625 0.6488536796875 0.7156967515625 0.6496894796875 0.6358518859375 0.6148857515625 0.6239475750000001 0.6150036796875 0.749139621875 0.6413314578125 0.7497666671875 0.6411224875 0.7156967515625
0 0.4300825296875 0.6770284265625001 0.47312632343749994 0.6770284265625001 0.472499465625 0.6394051875 0.4833648859375 0.6394051875 0.48399174218749996 0.5923761468750001 0.475215821875 0.5921671296875 0.4702010109375 0.58317935625 0.4580818921875 0.5833883734375 0.4541118234375 0.5921671296875 0.443037446875 0.5921671296875 0.43760473749999995 0.5833883734375 0.4242319046875 0.58317935625 0.41718118281249994 0.591533221875 0.41754549687500003 0.6396142046875 0.42987357187499997 0.639823221875 0.4300825296875 0.6770284265625001
0 0.43070312499999996 0.6402734375 0.417171875 0.6402734375 0.417171875 0.6768203125000001 0.43070312499999996 0.6768203125000001 0.43070312499999996 0.6402734375
0 0.47270312499999995 0.67728125 0.430734375 0.67728125 0.430734375 0.69584375 0.47270312499999995 0.69584375 0.47270312499999995 0.67728125
0 0.4944392625 0.7150696921875 0.518259615625 0.7154877265625 0.518259615625 0.603036065625 0.50927475 0.6001098093749999 0.5061404953124999 0.5873597171875 0.496528775 0.584851503125 0.49005130937499997 0.594466328125 0.4837828 0.5946753453125 0.4835738421875 0.6657414484374999 0.4946482203125 0.6655324375 0.4944392625 0.7150696921875