0 0.07871875 0.3262109375 0.04084375 0.3262109375 0.04084375 0.3734765625 0.07871875 0.3734765625 0.07871875 0.3262109375
0 0.058171875 0.45875781250000003 0.017921875 0.45875781250000003 0.017921875 0.49302343750000005 0.058171875 0.49302343750000005 0.058171875 0.45875781250000003
0 0.20475781249999997 0.327140625 0.17542968750000001 0.327140625 0.17542968750000001 0.351890625 0.20475781249999997 0.351890625 0.20475781249999997 0.327140625
0 0.15580211875 0.4486007234375 0.2214631828125 0.4487435046875 0.221748675 0.41290383437499995 0.2013366453125 0.41261826093750004 0.2013366453125 0.38206171875 0.1748119390625 0.3819538734375 0.17464399218749999 0.4119043203125 0.155373890625 0.41218989375000004 0.15580211875 0.4486007234375
0 0.760453125 0.6965859375 0.725171875 0.6965859375 0.725171875 0.7202578125 0.760453125 0.7202578125 0.760453125 0.6965859375
0 0.8577421875000001 0.698140625 0.8165703125 0.698140625 0.8165703125 0.722390625 0.8577421875000001 0.722390625 0.8577421875000001 0.698140625
0 0.9166796875 0.7100234375000001 0.8578203125 0.7100234375000001 0.8578203125 0.7340390625000001 0.9166796875 0.7340390625000001 0.9166796875 0.7100234375000001
0 0.9165468750000001 0.7345546875 0.894703125 0.7345546875 0.894703125 0.7753828125 0.9165468750000001 0.7753828125 0.9165468750000001 0.7345546875
0 0.6768203125000001 0.0192421875 0.6297109375 0.0192421875 0.6297109375 0.1152578125 0.6768203125000001 0.1152578125 0.6768203125000001 0.0192421875
0 0.7417265625 0.109546875 0.7083046875 0.109546875 0.7083046875 0.130453125 0.7417265625 0.130453125 0.7417265625 0.109546875
0 0.7725390625 0.1095546875 0.7417421875 0.1095546875 0.7417421875 0.1301640625 0.7725390625 0.1301640625 0.7725390625 0.1095546875
0 0.803921875 0.109234375 0.772359375 0.109234375 0.772359375 0.130296875 0.803921875 0.130296875 0.803921875 0.109234375
0 0.8350859375 0.109234375 0.8034453125000001 0.109234375 0.8034453125000001 0.130296875 0.8350859375 0.130296875 0.8350859375 0.109234375
0 0.8650546875 0.10867968750000001 0.8352265624999999 0.10867968750000001 0.8352265624999999 0.1301640625 0.8650546875 0.1301640625 0.8650546875 0.10867968750000001
0 0.8959531249999999 0.108296875 0.865796875 0.108296875 0.865796875 0.130328125 0.8959531249999999 0.130328125 0.8959531249999999 0.108296875
0 0.9264921875000001 0.10877343749999999 0.8959453125 0.10877343749999999 0.8959453125 0.12991406249999998 0.9264921875000001 0.12991406249999998 0.9264921875000001 0.10877343749999999
0 0.957171875 0.1090859375 0.9268906250000001 0.1090859375 0.9268906250000001 0.12991406249999998 0.957171875 0.12991406249999998 0.957171875 0.1090859375
0 0.9578828125 0.1558046875 0.8961171875 0.1558046875 0.8961171875 0.1880078125 0.9578828125 0.1880078125 0.9578828125 0.1558046875
0 0.07781249999999999 0.2782734375 0.03546875 0.2782734375 0.03546875 0.2990078125 0.07781249999999999 0.2990078125 0.07781249999999999 0.2782734375
0 0.6115546875 0.12875 0.5850703125 0.12875 0.5850703125 0.1789375 0.6115546875 0.1789375 0.6115546875 0.12875
0 0.612234375 0.17878906249999998 0.585328125 0.17878906249999998 0.585328125 0.2119921875 0.612234375 0.2119921875 0.612234375 0.17878906249999998
0 0.6111093750000001 0.21215625 0.585828125 0.21215625 0.585828125 0.24459375 0.6111093750000001 0.24459375 0.6111093750000001 0.21215625
0 0.612015625 0.24501562500000001 0.585578125 0.24501562500000001 0.585578125 0.27673437500000003 0.612015625 0.27673437500000003 0.612015625 0.24501562500000001
0 0.6106484375 0.27838281249999997 0.5853203125 0.27838281249999997 0.5853203125 0.3109296875 0.6106484375 0.3109296875 0.6106484375 0.27838281249999997
0 0.612234375 0.3115 0.584078125 0.3115 0.584078125 0.342625 0.612234375 0.342625 0.612234375 0.3115
0 0.4885991640625 0.5303428734375 0.5242562000000001 0.5305050078125 0.5252286734375 0.48618739843750003 0.4890854 0.4860252640625 0.48924748281249997 0.465730953125 0.5258769812499999 0.4658930875 0.52636320625 0.4178745765625 0.4895716359375 0.4178745765625 0.4895716359375 0.40328289687499996 0.526201134375 0.40328289687499996 0.5265252890625 0.3539673609375 0.48973370781250003 0.3538052265625 0.4895716359375 0.3351602984375 0.5266873703125 0.334998175 0.527011525 0.2835749421875 0.4908682515625 0.2834128125 0.4907061796875 0.269117309375 0.527011525 0.26895517343750003 0.5271735953125 0.21930133125 0.49054409843749996 0.2194634546875 0.490382015625 0.20208748281250002 0.5289564484375 0.20208748281250002 0.5292806015625 0.1503680859375 0.4907061796875 0.150530215625 0.490382015625 0.13999177812500002 0.43915029375000003 0.13982433125 0.433456546875 0.5423404734374999 0.4884370921875 0.54266474375 0.4885991640625 0.5303428734375
0 0.4871012140625 0.6731257140625 0.5229675203124999 0.67252774375 0.5229675203124999 0.6224634953125 0.4873004640625 0.622662809375 0.4871012140625 0.6017340421874999 0.5225690078125 0.6017340421874999 0.5225690078125 0.554694134375 0.4882967546875 0.5550927828125001 0.4882967546875 0.5485151687500001 0.43308705625000005 0.54852706875 0.43170769375000007 0.6842877171875 0.4871012140625 0.683490434375 0.4871012140625 0.6731257140625
0 0.43643592187499997 0.7108459093749999 0.43643592187499997 0.738548475 0.4284828765625 0.74252628125 0.4286248953125 0.7507660171875 0.4360098625 0.7541755625000001 0.4360098625 0.761562915625 0.48926813593749996 0.7624780999999999 0.48945166718750005 0.75484896875 0.5356077015625 0.7544227734375 0.5356077015625 0.7035637046875001 0.48949229375 0.7027116421875 0.48949229375 0.692944884375 0.43011363437499994 0.692944884375 0.4287669125 0.6964974015625 0.42890893124999996 0.706726040625 0.43643592187499997 0.7108459093749999
0 0.4348969796875 0.8071808265625 0.426943940625 0.8117268937500001 0.427085959375 0.8205348812500001 0.43589111249999996 0.8279222390625 0.4885799984375 0.8277801703125001 0.48872202187499997 0.8205348812500001 0.535304115625 0.820250753125 0.5357301546875 0.772090915625 0.4894321078125 0.771806778125 0.489148071875 0.7627146625 0.43589111249999996 0.761720209375 0.43120449843750003 0.764135303125 0.42798517656249996 0.76939453125 0.42765403593749995 0.7772052296874999 0.4348969796875 0.78189335625 0.4348969796875 0.8071808265625
0 0.1873694765625 0.291474953125 0.24055846718749999 0.291474953125 0.24055846718749999 0.2853989421875 0.2444983796875 0.285070509375 0.2505724296875 0.2803082265625 0.250408271875 0.26503608437500004 0.244990875 0.2606022453125 0.2410509625 0.2609306765625 0.24137927656249997 0.226937846875 0.250900765625 0.21971231875 0.250900765625 0.20608234687500002 0.24236426562500002 0.2013200640625 0.24252842343749997 0.19639356562500002 0.1881902984375 0.1965577828125 0.1881902984375 0.2072318640625 0.1381299625 0.2073675359375 0.137627928125 0.27981557343749996 0.1873694765625 0.28047244843749997 0.1873694765625 0.291474953125
0 0.182937059375 0.185498378125 0.241871771875 0.185169946875 0.241871771875 0.1761380359375 0.25106492343750003 0.1761380359375 0.25106492343750003 0.1582384234375 0.24334923281249998 0.1582384234375 0.24334923281249998 0.1303216109375 0.25155741875 0.1303216109375 0.251229103125 0.10897345624999999 0.243841728125 0.108809240625 0.243841728125 0.10026998281249999 0.183593721875 0.0999415453125 0.183593721875 0.11767693593749999 0.12548697656250002 0.11796356875 0.1256439875 0.165463953125 0.18277290156249998 0.165792384375 0.182937059375 0.185498378125
0 0.187697803125 0.09182380625 0.24351341249999997 0.0921522484375 0.24367757031249998 0.085583584375 0.251229103125 0.081149734375 0.251229103125 0.0693261453125 0.243841728125 0.0630859125 0.2440059078125 0.035333315625 0.252378228125 0.029749953125 0.252378228125 0.014642031250000001 0.243841728125 0.0095513171875 0.1873694765625 0.0095513171875 0.1873694765625 0.0194043078125 0.14716066562500002 0.0193482828125 0.1469852484375 0.0795075734375 0.1875336453125 0.0791791421875 0.187697803125 0.09182380625