0 0.14950000000000002 0.007476562500000001 0.12609375 0.007476562500000001 0.12609375 0.0360234375 0.14950000000000002 0.0360234375 0.14950000000000002 0.007476562500000001
0 0.1492421875 0.051960937500000005 0.1273828125 0.051960937500000005 0.1273828125 0.0748515625 0.1492421875 0.0748515625 0.1492421875 0.051960937500000005
0 0.1492421875 0.1579375 0.1284140625 0.1579375 0.1284140625 0.18675 0.1492421875 0.18675 0.1492421875 0.1579375
0 0.17034375 0.24615625 0.12815625 0.24615625 0.12815625 0.3276875 0.17034375 0.3276875 0.17034375 0.24615625
0 0.257265625 0.288078125 0.218171875 0.288078125 0.218171875 0.37629687500000003 0.257265625 0.37629687500000003 0.257265625 0.288078125
0 0.3339140625 0.1478984375 0.3133359375 0.1478984375 0.3133359375 0.1805703125 0.3339140625 0.1805703125 0.3339140625 0.1478984375
0 0.35578906250000003 0.1484140625 0.3341796875 0.1484140625 0.3341796875 0.1800546875 0.35578906250000003 0.1800546875 0.35578906250000003 0.1484140625
0 0.33546875 0.3338671875 0.29996875 0.3338671875 0.29996875 0.3732265625 0.33546875 0.3732265625 0.33546875 0.3338671875
0 0.3737890625 0.3351484375 0.3354609375 0.3351484375 0.3354609375 0.3737265625 0.3737890625 0.3737265625 0.3737890625 0.3351484375
0 0.5267968749999999 0.2781328125 0.43751562499999996 0.2781328125 0.43751562499999996 0.3733046875 0.5267968749999999 0.3733046875 0.5267968749999999 0.2781328125
0 0.5900234375 0.3474765625 0.5671328124999999 0.3474765625 0.5671328124999999 0.3732109375 0.5900234375 0.3732109375 0.5900234375 0.3474765625
0 0.6119921875000001 0.26267968750000004 0.5901015625 0.26267968750000004 0.5901015625 0.2836015625 0.6119921875000001 0.2836015625 0.6119921875000001 0.26267968750000004
0 0.73540625 0.32625000000000004 0.71575 0.32625000000000004 0.71575 0.3486875 0.73540625 0.3486875 0.73540625 0.32625000000000004
0 0.753671875 0.32625000000000004 0.734890625 0.32625000000000004 0.734890625 0.34834375 0.753671875 0.34834375 0.753671875 0.32625000000000004
0 0.9168749999999999 0.316640625 0.82496875 0.316640625 0.82496875 0.371859375 0.9168749999999999 0.371859375 0.9168749999999999 0.316640625
0 0.85 0.2609375 0.825 0.2609375 0.825 0.28125 0.85 0.28125 0.85 0.2609375
0 1 0.30534374999999997 0.91703125 0.30534374999999997 0.91703125 0.37165625 1 0.37165625 1 0.30534374999999997
0 1 0.46390624999999996 0.9178359374999999 0.46390624999999996 0.9178359374999999 0.5201875 1 0.5201875 1 0.46390624999999996
0 0.91803125 0.4638984375 0.74065625 0.4638984375 0.74065625 0.5002890625 0.91803125 0.5002890625 0.91803125 0.4638984375
0 0.74046875 0.4643359375 0.6494375 0.4643359375 0.6494375 0.5326640625 0.74046875 0.5326640625 0.74046875 0.4643359375
0 0.6494453124999999 0.46410937499999994 0.5575234375 0.46410937499999994 0.5575234375 0.5097343750000001 0.6494453124999999 0.5097343750000001 0.6494453124999999 0.46410937499999994
0 0.5234609375 0.4654375 0.38635156249999997 0.4654375 0.38635156249999997 0.508625 0.5234609375 0.508625 0.5234609375 0.4654375
0 0.3864375 0.46511718750000003 0.29978125 0.46511718750000003 0.29978125 0.5013203125000001 0.3864375 0.5013203125000001 0.3864375 0.46511718750000003
0 0.3000703125 0.46510937500000005 0.2122734375 0.46510937500000005 0.2122734375 0.5021718749999999 0.3000703125 0.5021718749999999 0.3000703125 0.46510937500000005
0 0.2122734375 0.46596875000000004 0.12247656250000001 0.46596875000000004 0.12247656250000001 0.50303125 0.2122734375 0.50303125 0.2122734375 0.46596875000000004
0 0 0.5460703125 0.12276562499999999 0.5460703125 0.12276562499999999 0.46539843750000004 0 0.46539843750000004 0 0.5460703125
0 0 0.6110703125 0.028125 0.6110703125 0.028125 0.5469296875 0 0.5469296875 0 0.6110703125
0 0 1 0.0998172359375 1 0.10058028125 0.8360979265624999 0.1208982109375 0.836309571875 0.1208982109375 0.7948271328125001 0.0523252 0.7956737140625 0.0523252 0.8365212171874999 0.0313723359375 0.8365212171874999 0.031160690624999998 0.9163114171875 0 0.9163114171875 0 1
0 0.3827820671875 1 0.382958953125 0.863091621875 0.33913158593750004 0.863091621875 0.3393529375 0.7900460109375 0.28268725156249996 0.7898246609374999 0.28268725156249996 0.863312971875 0.25939375 0.86328125 0.2601095171875 0.7909314125 0.2016730296875 0.7909314125 0.200787628125 0.8637556734375 0.165371575 0.8637556734375 0.165371575 0.7904887125 0.1205128265625 0.790170184375 0.1202586078125 1 0.3827820671875 1
0 0.5093170703125 1 0.5091471609375 0.8467406343749999 0.44034949687499997 0.8469216812499999 0.44034949687499997 0.748251346875 0.384949271875 0.7480703015625 0.3826874734375 1 0.5093170703125 1
0 0.64745551875 1 0.6470527328125 0.809884778125 0.59702765 0.809884778125 0.5968156796875 0.872204159375 0.534284328125 0.8719921890625001 0.5334965875 1 0.64745551875 1
0 0.73907501875 1 0.7394719515625 0.8594859187500001 0.6813919828125 0.859273946875 0.6813919828125 0.8372289953125 0.6485365265625 0.8372289953125 0.6475617578125 1 0.73907501875 1
0 0.82599609375 1 0.826875 0.859375 0.7826562499999999 0.859375 0.7826562499999999 0.8378125000000001 0.74015625 0.8378125000000001 0.739271590625 1 0.82599609375 1
0 0.9147081187499999 1 0.915 0.8584375 0.8271875 0.85875 0.82630835 1 0.9147081187499999 1
0 1 1 1 0.87203125 0.9751562500000001 0.87203125 0.9751562500000001 0.7849999999999999 0.915625 0.7849999999999999 0.9146489953125 1 1 1
0 0.58875 0.01609375 0.546875 0.01609375 0.546875 0.0725 0.58875 0.0725 0.58875 0.01609375
0 0.6296875 0.01546875 0.58875 0.01546875 0.58875 0.0721875 0.6296875 0.0721875 0.6296875 0.01546875
0 0.3507026484375 0 0.35109375 0.10703125 0.38234375 0.10703125 0.3825 0.03796875 0.40109374999999997 0.03796875 0.40112221249999996 0 0.3507026484375 0
0 0.2586930078125 0 0.25875 0.0371875 0.2765625 0.0371875 0.27625 0.10796874999999999 0.30734374999999997 0.1078125 0.3079979515625 0 0.2586930078125 0