0 0.9879178234375001 0.01863614375 0.9579572234375 0.01863614375 0.9575495953125 0.0508386953125 0.9877140109375 0.051042507812500006 0.9879178234375001 0.01863614375
0 1 0.0672838625 0.917805940625 0.066124715625 0.917602128125 0.10607218437499999 0.9418559468750001 0.106275996875 0.9420597609374999 0.0956776890625 0.978950025 0.09628913125 0.9791538390625 0.1011806578125 1 0.1012804 1 0.0672838625
0 1 0.1625002640625 0.9424673890624999 0.162120928125 0.9428750156250001 0.190858646875 1 0.1913608453125 1 0.1625002640625
0 0.8849919500000001 0.2077751765625 0.9057809375 0.2077751765625 0.9057809375 0.1617133 0.8851957625000001 0.1615094859375 0.8849919500000001 0.2077751765625
0 0.905169496875 0.2267298421875 0.9424673890624999 0.2267298421875 0.9426712015625001 0.2081828046875 0.905169496875 0.20757136250000002 0.905169496875 0.2267298421875
0 1 0.2094645453125 0.9424673890624999 0.20859043124999999 0.9424673890624999 0.23916247343750002 1 0.2401471390625 1 0.2094645453125
0 1 0.276090090625 0.9373720484374999 0.2752374828125 0.9369644203125 0.3056057109375 1 0.30661774999999997 1 0.276090090625
0 1 0.32327924375 0.9695745984374999 0.32272605468750004 0.9693707859374999 0.375106153125 1 0.3752179390625 1 0.32327924375
0 1 0.38637309375 0.9691669718749999 0.38590827499999997 0.9687593437500001 0.4199451484375 1 0.42005875000000004 1 0.38637309375
0 1 0.477012959375 0.9924017234375 0.477012959375 0.992197909375 0.48985321718749997 0.9420597609374999 0.4888341484375 0.9420597609374999 0.5098269515625 0.9915864687499999 0.5102345781250001 0.9915864687499999 0.52001763125 0.996681809375 0.5218519546875 1 0.5219230593749999 1 0.477012959375
0 0.834242359375 0.5734167984375 0.8595152484374999 0.573824425 0.8595152484374999 0.5397875515624999 0.8344461734375 0.539379925 0.834242359375 0.5734167984375
0 0.8344461734375 0.6021545171875 0.85869999375 0.6023583312499999 0.8593114343750001 0.5736206125 0.8344461734375 0.5736206125 0.8344461734375 0.6021545171875
0 1 0.615085009375 0.9524542546875001 0.6145871484375001 0.9526580687499999 0.6529041078125 1 0.6533985390625 1 0.615085009375
0 0.8829538140625001 0.804541434375 0.8825461859375 0.7772304109375 0.8279241374999999 0.7772304109375 0.8281279515625 0.80392999375 0.8829538140625001 0.804541434375
0 0.884584321875 0.7248503125 0.8558466031249999 0.7250541265625 0.8546237218750001 0.7766189703124999 0.883361440625 0.777434225 0.884584321875 0.7248503125
0 0.905169496875 0.7615367625 0.8831576265625 0.7615367625 0.8829538140625001 0.804541434375 0.90455805625 0.804337621875 0.905169496875 0.7615367625
0 0.904965684375 0.762148203125 0.905577125 0.7250541265625 0.8839728812500001 0.7250541265625 0.8837690671875 0.761944390625 0.904965684375 0.762148203125
0 0.9027237343750001 0.82431135625 0.9196402640624999 0.8232922874999999 0.9194364500000001 0.8051528765624999 0.89538644375 0.8051528765624999 0.89538644375 0.8224770328125001 0.9027237343750001 0.82431135625
0 1 0.80564835 0.9373720484374999 0.8051528765624999 0.9373720484374999 0.8424507671875 1 0.843052959375 1 0.80564835
0 1 0.8729485046875001 0.9540847640625 0.8726151812499999 0.954288578125 0.905225359375 1 0.9053998312499999 1 0.8729485046875001
0 1 0.9439115046875 0.9065961921874999 0.9435423187499999 0.9065961921874999 0.976152496875 0.9381873031250001 0.9759486828125 0.9379834890625001 0.9810440234375 1 0.9810440234375 1 0.9439115046875
0 0.74609375 0.1915625 0.82578125 0.1921875 0.8260937500000001 0.1596875 0.74609375 0.15953124999999999 0.74609375 0.1915625
0 0.74484375 0.31265624999999997 0.7796875 0.31265624999999997 0.78125 0.191875 0.7457812500000001 0.19125 0.74484375 0.31265624999999997
0 0.6078125 0.7223437500000001 0.6634375 0.7228125000000001 0.6640625 0.6654687499999999 0.6078125 0.6646875 0.6078125 0.7223437500000001
0 0.6420312499999999 0.771875 0.6420312499999999 0.72265625 0.6078125 0.72265625 0.60765625 0.7715625 0.6420312499999999 0.771875
0 0.8623295546874999 0.9170261625 0.8623295546874999 0.872206165625 0.8359863734375 0.872206165625 0.83635225 0.9170261625 0.8623295546874999 0.9170261625
0 0.7346382984375001 0.9173920390625 0.7348212375000001 0.9446499156250001 0.7964716000000001 0.9446499156250001 0.7964716000000001 0.9307465687500001 0.827754128125 0.931112446875 0.827754128125 0.8969028984375 0.7571397671875 0.8967199593749999 0.7571397671875 0.9173920390625 0.7346382984375001 0.9173920390625
0 0.80825610625 1 0.8089114359374999 0.9616632203125001 0.7820194375 0.9614802812500001 0.781693 1 0.80825610625 1