0 0.20212500000000003 0.8338515624999999 0.094 0.8338515624999999 0.094 0.8828359375 0.20212500000000003 0.8828359375 0.20212500000000003 0.8338515624999999
0 0.3247734375 0.80715625 0.2038203125 0.80715625 0.2038203125 0.8825 0.3247734375 0.8825 0.3247734375 0.80715625
0 0.377484375 0.7068046875 0.323421875 0.7068046875 0.323421875 0.8176328125 0.377484375 0.8176328125 0.377484375 0.7068046875
0 0.6616875 0.7357265625 0.43434375000000003 0.7357265625 0.43434375000000003 0.7914609375 0.6616875 0.7914609375 0.6616875 0.7357265625
0 0.7938671875 0.6009375 0.7637265625 0.6009375 0.7637265625 0.66078125 0.7938671875 0.66078125 0.7938671875 0.6009375
0 0.6894140625 0.52815625 0.6634921874999999 0.52815625 0.6634921874999999 0.5519375 0.6894140625 0.5519375 0.6894140625 0.52815625
0 0.791515625 0.52796875 0.7632656250000001 0.52796875 0.7632656250000001 0.55175 0.791515625 0.55175 0.791515625 0.52796875
0 0.868390625 0.5278828125 0.844140625 0.5278828125 0.844140625 0.5519296875 0.868390625 0.5519296875 0.868390625 0.5278828125
0 0.9759296875000001 0.527875 0.9508515624999999 0.527875 0.9508515624999999 0.5458125 0.9759296875000001 0.5458125 0.9759296875000001 0.527875
0 1 0.8656406249999999 0.9005390625 0.8656406249999999 0.9005390625 0.961828125 1 0.961828125 1 0.8656406249999999
0 1 0.1494780578125 0.9911678703125 0.1494780578125 0.9819675578125 0.16488858125 0.9750673234375 0.16488858125 0.9750673234375 0.173398871875 0.9516065250000001 0.173398871875 0.9509165015625 0.5276109234375 0.97529733125 0.5276109234375 0.9778274171874999 0.52416080625 0.9930079328125 0.5246208218749999 0.9939279640625 0.43284770000000006 1 0.43284770000000006 1 0.34070639375 0.990477846875 0.33118424062499996 0.990477846875 0.3201438640625 1 0.3200717265625 1 0.1494780578125
0 0.887051196875 0.4346546953125 0.90447515 0.43486718281250003 0.907449971875 0.3549719796875 0.8847138375 0.3335107671875 0.884926325 0.319486609375 0.9512223437499999 0.319061634375 0.9518598062500001 0.1658583328125 0.9342233640625001 0.1658583328125 0.9193492578125 0.149709303125 0.8915134281249999 0.149709303125 0.8804640921875 0.165645846875 0.8713271406249999 0.165645846875 0.8713271406249999 0.1739328484375 0.846253646875 0.1739328484375 0.8430663375 0.52814908125 0.8872636843749999 0.5289990312499999 0.887051196875 0.4346546953125
0 0.8043165218749999 0.43387186250000004 0.823336046875 0.43387186250000004 0.8235137984374999 0.353349953125 0.8030722546875 0.3348636859375 0.8032500062500001 0.3202879765625 0.845021859375 0.3202879765625 0.8462661265625 0.165821 0.837734003125 0.165821 0.8254690765625 0.1498232703125 0.8021834906249999 0.150001021875 0.7929403578125 0.1652877421875 0.7858302562499999 0.16546549531250002 0.7858302562499999 0.17310885468749998 0.763966690625 0.17310885468749998 0.7636111859375 0.5282584734375 0.8039610171874999 0.52879173125 0.8043165218749999 0.43387186250000004
0 0.70329829375 0.43581125 0.7187823843750001 0.4360177046875 0.7200211125 0.3548810703125 0.7028853859375 0.33444207187499997 0.7030918390625 0.31957734375 0.7635830203125 0.31999025312499996 0.763789475 0.164117075 0.740666565625 0.164117075 0.7295180203125 0.150491075 0.7035047484375 0.1502846203125 0.6876077484375 0.1734075296875 0.66180093125 0.173613984375 0.66262675 0.5280964296875 0.70329829375 0.52871579375 0.70329829375 0.43581125
0 0.623125 0.37109375 0.6628206078125001 0.3710683546875 0.6623565078125 0.16616829375 0.55120460625 0.1659362453125 0.5495802578125 0.3197853265625 0.623140075 0.3193212265625 0.623125 0.37109375
0 0.4782371421875 0.319502690625 0.5497354171875 0.318780484375 0.5511798265625 0.1663952734375 0.43586779531250003 0.1675989484375 0.43370118125 0.37246437499999996 0.4782371421875 0.37246437499999996 0.4782371421875 0.319502690625
0 0.3934785265625 0.3723487453125 0.434814084375 0.37270508750000003 0.43588310625000004 0.1670963203125 0.3234575171875 0.1667399796875 0.322744834375 0.320501128125 0.3934785265625 0.3206792984375 0.3934785265625 0.3723487453125
0 0.270255596875 0.31992319999999996 0.32297386562499997 0.320140146875 0.3234077609375 0.166541240625 0.20365268125 0.1658903984375 0.2038696296875 0.41212593281250004 0.27003865 0.4129937234375 0.270255596875 0.31992319999999996
0 0.18921875 0.1696875 0.0938898703125 0.16988963125 0.0935263203125 0.324398078125 0.1295177 0.32457985312500004 0.128245278125 0.491812525 0.1544208265625 0.4919943 0.1542390515625 0.5418005515625001 0.204772403125 0.5418005515625001 0.204772403125 0.3983803578125 0.1871402625 0.3983803578125 0.18921875 0.1696875
0 0 0.5641960984375001 0.0455736546875 0.5648203953125 0.0462499828125 0.49267878437499996 0.058874764062499994 0.49267878437499996 0.06022741875 0.32449865624999996 0.093367471875 0.3240477703125 0.0942692421875 0.170070521875 0 0.170070521875 0 0.5641960984375001