0 0.17234375 0.3259375 0.105375 0.3259375 0.105375 0.37112500000000004 0.17234375 0.37112500000000004 0.17234375 0.3259375
0 0.23523437500000002 0.3251015625 0.172609375 0.3251015625 0.172609375 0.3711171875 0.23523437500000002 0.3711171875 0.23523437500000002 0.3251015625
0 0.3172421875 0.1144140625 0.2616640625 0.1144140625 0.2616640625 0.1636171875 0.3172421875 0.1636171875 0.3172421875 0.1144140625
0 0.58090625 0.32034375000000004 0.49271875 0.32034375000000004 0.49271875 0.371375 0.58090625 0.371375 0.58090625 0.32034375000000004
0 0.669546875 0.3206171875 0.579234375 0.3206171875 0.579234375 0.37332031250000003 0.669546875 0.37332031250000003 0.669546875 0.3206171875
0 0.6126875 0.4630546875 0.5188125 0.4630546875 0.5188125 0.5350078125 0.6126875 0.5350078125 0.6126875 0.4630546875
0 0.5629375 0.535296875 0.5188125 0.535296875 0.5188125 0.604890625 0.5629375 0.604890625 0.5629375 0.535296875
0 0.6964921875 0.4639296875 0.6707265625 0.4639296875 0.6707265625 0.49147656250000005 0.6964921875 0.49147656250000005 0.6964921875 0.4639296875
0 0.454265625 0.4639375 0.427015625 0.4639375 0.427015625 0.487625 0.454265625 0.487625 0.454265625 0.4639375
0 0.3592109375 0.4636484375 0.33166406249999997 0.4636484375 0.33166406249999997 0.48822656249999996 0.3592109375 0.48822656249999996 0.3592109375 0.4636484375
0 0.330484375 0.46423437500000003 0.228328125 0.46423437500000003 0.228328125 0.5524843749999999 0.330484375 0.5524843749999999 0.330484375 0.46423437500000003
0 0.2277265625 0.4636484375 0.1391796875 0.4636484375 0.1391796875 0.5412265625 0.2277265625 0.5412265625 0.2277265625 0.4636484375
0 0 0.5268359375 0.054898437499999994 0.5268359375 0.054898437499999994 0.46397656249999997 0 0.46397656249999997 0 0.5268359375
0 0.1392890625 0.46432812500000004 0.054898437499999994 0.46432812500000004 0.054898437499999994 0.542109375 0.1392890625 0.542109375 0.1392890625 0.46432812500000004
0 0.8914609375 0.4640234375 0.8713828124999999 0.4640234375 0.8713828124999999 0.4844453125 0.8914609375 0.4844453125 0.8914609375 0.4640234375
0 0.7528828125 0.33884375 0.7304609375 0.33884375 0.7304609375 0.35625 0.7528828125 0.35625 0.7528828125 0.33884375
0 0.8549687499999999 0.3354921875 0.7649375 0.3354921875 0.7649375 0.3709765625 0.8549687499999999 0.3709765625 0.8549687499999999 0.3354921875
0 0.9379843749999999 0.3241171875 0.854640625 0.3241171875 0.854640625 0.3719765625 0.9379843749999999 0.3719765625 0.9379843749999999 0.3241171875
0 1 0.323125 0.9386640625 0.323125 0.9386640625 0.37165625 1 0.37165625 1 0.323125
0 0.86334375 0.4626953125 0.7763125 0.4626953125 0.7763125 0.5259609375000001 0.86334375 0.5259609375000001 0.86334375 0.4626953125
0 1 0.4636875 0.9456796875 0.4636875 0.9456796875 0.548375 1 0.548375 1 0.4636875
0 0.99315625 0.136296875 0.954125 0.136296875 0.954125 0.155140625 0.99315625 0.155140625 0.99315625 0.136296875
0 0.8025390625 0.149234375 0.7672734375 0.149234375 0.7672734375 0.198765625 0.8025390625 0.198765625 0.8025390625 0.149234375
0 0.3266860203125 1 0.32765625 0.860625 0.28312499999999996 0.860625 0.28312499999999996 0.83046875 0.30062500000000003 0.8303125 0.30062500000000003 0.6771874999999999 0.29359375 0.67734375 0.29390625 0.66171875 0.27265625 0.6615624999999999 0.272246921875 0.677686871875 0.246889078125 0.6774406796875 0.246889078125 0.7229863203125 0.22719366562499999 0.7232325140625 0.22719366562499999 1 0.3266860203125 1
0 0.2715078125 0.653859375 0.24817968750000002 0.653859375 0.24817968750000002 0.676359375 0.2715078125 0.676359375 0.2715078125 0.653859375
0 0.2476171875 0.7238671875 0.2290078125 0.7238671875 0.2290078125 0.7696953125 0.2476171875 0.7696953125 0.2476171875 0.7238671875
0 0.19039843750000002 0.736921875 0.1398515625 0.736921875 0.1398515625 0.7913593750000001 0.19039843750000002 0.7913593750000001 0.19039843750000002 0.736921875
0 0.140078125 0.276359375 0.104421875 0.276359375 0.104421875 0.324984375 0.140078125 0.324984375 0.140078125 0.276359375
0 0 0.37166029375 0.1044228765625 0.371260971875 0.10471760000000001 0.271349346875 0 0.272992896875 0 0.37166029375
0 0.23747164999999998 0 0.23575992499999998 0.11497084843750001 0.314840209375 0.11497084843750001 0.3119514953125 0 0.23747164999999998 0
0 0.3452318546875 0 0.3464421390625 0.11225389999999999 0.37131511562499997 0.11225389999999999 0.370932453125 0.1409534875 0.408815909375 0.1413361484375 0.4093188859375 0 0.3452318546875 0
0 0.40884354843750004 0 0.4085948859375 0.1412397984375 0.4421210578125 0.14152391875 0.4421210578125 0.1122595484375 0.47735194999999997 0.11254366874999999 0.47735194999999997 0 0.40884354843750004 0
0 0.5210460703125 0 0.5208223249999999 0.11254366874999999 0.5438360531249999 0.1125379859375 0.5424154531250001 0.1457800390625 0.5796351859375 0.14549591875 0.580768940625 0 0.5210460703125 0
0 0.5813811484375 0 0.57979781875 0.14588866875 0.6154329609375 0.1462781234375 0.61524710625 0.11218962031249999 0.6478615859375 0.111137540625 0.6503497406250001 0 0.5813811484375 0
0 0.6936098984375 0 0.6945098749999999 0.1105173 0.7203482296875 0.1105173 0.7203482296875 0.14275807812500002 0.765851171875 0.14275807812500002 0.7642346609375 0 0.6936098984375 0
0 0 1 0.053438799999999995 1 0.053593749999999996 0.70203125 0.015625 0.70203125 0.0159375 0.74296875 0.0043749999999999995 0.7428125 0.0040625 0.859375 0 0.859375 0 1
0 0.1375144515625 1 0.13828125 0.8590625 0.103125 0.8592187499999999 0.1034375 0.7420312499999999 0.09406250000000001 0.7420312499999999 0.09468750000000001 0.7015625 0.05421875 0.70125 0.052977835937499995 1 0.1375144515625 1
0 0.22718750000000001 1 0.22718750000000001 0.8592187499999999 0.18984375 0.8590625 0.19046875000000002 0.79203125 0.13874999999999998 0.7925 0.137666853125 1 0.22718750000000001 1
0 0.59789923125 1 0.601291521875 0.8611044921875 0.57292825625 0.8611044921875 0.5784819031249999 0.721271609375 0.5684536046875001 0.7210732656250001 0.57202380625 0.6046450343750001 0.519462509375 0.6046450343750001 0.5099419734375 0.8603111140624999 0.4970495796875 0.8603111140624999 0.499826403125 0.7192881640625 0.487132353125 0.7192881640625 0.487132353125 0.6066284796875 0.366935578125 0.6064301359375001 0.3671370546875 0.7190526937499999 0.358248190625 0.7190526937499999 0.3573593046875 0.860830078125 0.32780383125 0.86060785625 0.326304990625 1 0.59789923125 1
0 0.687491203125 1 0.692780878125 0.693450778125 0.620538853125 0.6921561171875 0.6176906015625 0.8617565703125001 0.600601090625 0.8614976390625 0.5981322421875 1 0.687491203125 1
0 0.8890744953124999 1 0.8852786421875001 0.7096172046875 0.8207110468750001 0.7103481578124999 0.824122165625 0.8748127859375 0.7956149625 0.874569134375 0.793665753125 0.710591809375 0.7215449671874999 0.7113227640625001 0.7203267109375 0.875787390625 0.6891393453125 0.8762746937499999 0.6870618671875001 1 0.8890744953124999 1
0 1 0.7379927578125 0.91172755625 0.7379927578125 0.9135381265625 0.844454278125 0.9377997656250001 0.844454278125 0.93852399375 0.9889377703125 0.9537327812499999 0.989299884375 0.9589690093750001 1 0.9957480390625 1 1 0.9921763921875 1 0.7379927578125