0 0.11614843749999999 0.7973515625 0.0697265625 0.7973515625 0.0697265625 0.8592109375 0.11614843749999999 0.8592109375 0.11614843749999999 0.7973515625
0 0.1163828125 0.8589453125000001 0.0681484375 0.8589453125000001 0.0681484375 0.9093671875 0.1163828125 0.9093671875 0.1163828125 0.8589453125000001
0 0.5866115140625 0.7267452343749999 0.5932987390625 0.7322384359375 0.5930599109375 0.7470461984375001 0.585656196875 0.752778234375 0.5858950265625 0.7740345375000001 0.5921045921875 0.7790500703125 0.730864509375 0.7790500703125 0.7311033390625 0.7637646390625 0.7162959125 0.7637646390625 0.7160570828124999 0.755644253125 0.6444082437499999 0.75540541875 0.6448859031249999 0.7298500875 0.7170124 0.7288947484375 0.7170124 0.719341353125 0.7318198265625 0.71910251875 0.731580996875 0.696652040625 0.5949543296875001 0.6973592078124999 0.5947317156249999 0.7023840781249999 0.5866115140625 0.706921940625 0.5866115140625 0.7267452343749999
0 0.9184921875000001 0.75653125 0.8684765625 0.75653125 0.8684765625 0.8125 0.9184921875000001 0.8125 0.9184921875000001 0.75653125
0 0.9777578124999999 0.743296875 0.9542109375000001 0.743296875 0.9542109375000001 0.790328125 0.9777578124999999 0.790328125 0.9777578124999999 0.743296875
0 0.8966406250000001 0.694296875 0.8674843750000001 0.694296875 0.8674843750000001 0.743640625 0.8966406250000001 0.743640625 0.8966406250000001 0.694296875
0 0.8966406250000001 0.668484375 0.8674843750000001 0.668484375 0.8674843750000001 0.693984375 0.8966406250000001 0.693984375 0.8966406250000001 0.668484375
0 0.8675048546875 0.642998965625 0.8675048546875 0.6688229031249999 0.8966388953125 0.6691539796875 0.8969699640625001 0.6635256859374999 0.9549069734375 0.663194609375 0.954873484375 0.6155142796875 0.8963078265625001 0.6161818 0.8963078265625001 0.642998965625 0.8675048546875 0.642998965625
0 0.9002812499999999 0.55559375 0.8668125 0.55559375 0.8668125 0.6171875 0.9002812499999999 0.6171875 0.9002812499999999 0.55559375
0 0.8956406250000001 0.9160937499999999 0.867140625 0.9160937499999999 0.867140625 0.9608125 0.8956406250000001 0.9608125 0.8956406250000001 0.9160937499999999
0 0.9427734375 0.31970312500000003 0.8946328125 0.31970312500000003 0.8946328125 0.363578125 0.9427734375 0.363578125 0.9427734375 0.31970312500000003
0 0.9227890625 0.3635703125 0.8946484375000001 0.3635703125 0.8946484375000001 0.3985859375 0.9227890625 0.3985859375 0.9227890625 0.3635703125
0 0.9237734375000001 0.39696875 0.8949765624999999 0.39696875 0.8949765624999999 0.43296875 0.9237734375000001 0.43296875 0.9237734375000001 0.39696875
0 1 0.3210078125 0.942765625 0.3210078125 0.942765625 0.36486718749999997 1 0.36486718749999997 1 0.3210078125