0 1 0.8365234375 0.9612109375 0.8365234375 0.9612109375 0.8831953125 1 0.8831953125 1 0.8365234375
0 0.8800078125 0.683734375 0.8205859375 0.683734375 0.8205859375 0.8208593750000001 0.8800078125 0.8208593750000001 0.8800078125 0.683734375
0 0.8225546874999999 0.8012656249999999 0.7259140625 0.8012656249999999 0.7259140625 0.841421875 0.8225546874999999 0.841421875 0.8225546874999999 0.8012656249999999
0 0.8130859375 0.8792890625 0.7579140625 0.8792890625 0.7579140625 0.9396796875 0.8130859375 0.9396796875 0.8130859375 0.8792890625
0 0.6248750000000001 0.7464921875 0.54396875 0.7464921875 0.54396875 0.8864140624999999 0.6248750000000001 0.8864140624999999 0.6248750000000001 0.7464921875
0 0.4246796875 0.8137656249999999 0.2909453125 0.8137656249999999 0.2909453125 0.8732031250000001 0.4246796875 0.8732031250000001 0.4246796875 0.8137656249999999
0 0.2393515625 0.7836484375 0.11964843750000001 0.7836484375 0.11964843750000001 0.8364765625 0.2393515625 0.8364765625 0.2393515625 0.7836484375
0 0.43624999999999997 1 0.43624999999999997 0.9276875 0.32728125 0.9276875 0.32728125 1 0.43624999999999997 1
0 0.6269453125 1 0.6269453125 0.9442031249999999 0.5980546875 0.9442031249999999 0.5980546875 1 0.6269453125 1
0 0.3276796875 0.9281015625 0.2571015625 0.9281015625 0.2571015625 0.9788671875 0.3276796875 0.9788671875 0.3276796875 0.9281015625
0 0.1440234375 0.9263671875 0.1023828125 0.9263671875 0.1023828125 0.9768828125000001 0.1440234375 0.9768828125000001 0.1440234375 0.9263671875
0 0.25621875 0.9263828125 0.14403125 0.9263828125 0.14403125 0.9778046874999999 0.25621875 0.9778046874999999 0.25621875 0.9263828125
0 0.10860609843749999 0.47298634218749996 0.24943594687499998 0.4727472421875 0.2460885484375 0.33000459375 0.2647383421875 0.32952639375000004 0.26139094375 0.1786543484375 0.24967504687500003 0.1786543484375 0.23604635156249998 0.16454745312500002 0.22480865625000002 0.162395553125 0.215483759375 0.165503853125 0.20400696406250002 0.18032804687499998 0.1437537859375 0.180806246875 0.13610258749999998 0.1695685515625 0.11219259687500001 0.1693294515625 0.10310680000000001 0.181523546875 0.0892390046875 0.181523546875 0.08852170468750001 0.33120009375000004 0.1066932984375 0.33120009375000004 0.10860609843749999 0.47298634218749996
0 0.34398720781250003 0.487768840625 0.4178959921875 0.48882467968750004 0.41375 0.17671874999999998 0.3770701875 0.177175971875 0.3594728578125 0.16133837499999998 0.3446911015625 0.16133837499999998 0.3304372640625 0.179463625 0.306328921875 0.179463625 0.306328921875 0.3130273578125 0.343811234375 0.3130273578125 0.34398720781250003 0.487768840625
0 0.515246109375 0.4054240078125 0.5969022046875 0.4054240078125 0.59729478125 0.3382932765625 0.6196716921875 0.3380969875 0.6179050937499999 0.1702701578125 0.6025945765625 0.14946355625000002 0.5757030249999999 0.1496598453125 0.5623553953125 0.164381496875 0.5623553953125 0.1486784015625 0.53330466875 0.1486784015625 0.53330466875 0.167522115625 0.474025484375 0.1673258265625 0.47461434999999996 0.268414503125 0.5156386859375 0.268414503125 0.515246109375 0.4054240078125
0 0.6840954781249999 0.3256213859375 0.7181756234375001 0.3256213859375 0.71778835 0.167807071875 0.6236806734375 0.16819434687499998 0.6279406921875 0.503573965625 0.684289115625 0.503380328125 0.6840954781249999 0.3256213859375
0 0.6655390625 0.503546875 0.6278671874999999 0.503546875 0.6278671874999999 0.5725156250000001 0.6655390625 0.5725156250000001 0.6655390625 0.503546875
0 0.7754896296875 0.325357134375 0.81381104375 0.32557864531249997 0.8127034875 0.16741974531249998 0.717675240625 0.167198234375 0.7181182625 0.5025659874999999 0.7761541625 0.5025659874999999 0.7754896296875 0.325357134375
0 0.8681905999999999 0.32521635 0.9064134171875 0.3249901796875 0.9048302234375001 0.16734933125 0.8125526531249999 0.1671231609375 0.8139096765625 0.50389105625 0.8699999640625 0.50389105625 0.8681905999999999 0.32521635
0 0.83421875 0.57265625 0.8501562500000001 0.57265625 0.8514062499999999 0.5046875 0.8139062499999999 0.5046875 0.8135937500000001 0.5971875 0.83421875 0.5971875 0.83421875 0.57265625
0 1 0.3967082171875 0.953383715625 0.3967082171875 0.953041628125 0.4646125609375 1 0.4647437296875 1 0.3967082171875