0 0.1120546875 0.234375 0.0930078125 0.234375 0.0930078125 0.26609375 0.1120546875 0.26609375 0.1120546875 0.234375
0 0.1128671875 0.27814843749999996 0.0010390625 0.27814843749999996 0.0010390625 0.3118828125 0.1128671875 0.3118828125 0.1128671875 0.27814843749999996
0 0.110109375 0.5646171875 0.0016406250000000002 0.5646171875 0.0016406250000000002 0.6002890625 0.110109375 0.6002890625 0.110109375 0.5646171875
0 0.1103203125 0.6000390624999999 0.0873046875 0.6000390624999999 0.0873046875 0.6388359375 0.1103203125 0.6388359375 0.1103203125 0.6000390624999999
0 0.157421875 0.5439921875 0.133859375 0.5439921875 0.133859375 0.5757890625 0.157421875 0.5757890625 0.157421875 0.5439921875
0 0.1642109375 0.5908125 0.13385156250000002 0.5908125 0.13385156250000002 0.6279375 0.1642109375 0.6279375 0.1642109375 0.5908125
0 0.164171875 0.627453125 0.13389062499999999 0.627453125 0.13389062499999999 0.668421875 0.164171875 0.668421875 0.164171875 0.627453125
0 0 0.6837109375 0.017171875 0.6837109375 0.017171875 0.6674765625 0 0.6674765625 0 0.6837109375
0 0.2622106359375 0.23361800000000002 0.2623669015625 0.2589337546875 0.3050276703125 0.25877748437500003 0.3086218015625 0.26362185781249997 0.32206072343750003 0.26362185781249997 0.32409218906250004 0.25877748437500003 0.3314367171875 0.2586212140625 0.3314367171875 0.2676848796875 0.3864270828125 0.26814583281250004 0.3864425421875 0.24236912500000002 0.379879346875 0.24236912500000002 0.38003561406249997 0.2348681609375 0.2622106359375 0.23361800000000002
0 0.3120593453125 0.571073175 0.3118808703125 0.57642754375 0.37093936250000004 0.5757035296875 0.37113455 0.5426950171875 0.2936764265625 0.5426950171875 0.29349795156249997 0.571251653125 0.3120593453125 0.571073175
0 0.33401562500000004 0.6686796875 0.23942187499999998 0.6686796875 0.23942187499999998 0.7070703125 0.33401562500000004 0.7070703125 0.33401562500000004 0.6686796875
0 0.394871715625 0.66208809375 0.394871715625 0.6574476406249999 0.4014752890625 0.654413496875 0.4016537640625 0.6413845328125001 0.39540714062500004 0.637279515625 0.395585615625 0.6197885750000001 0.4025461390625 0.6160405171875001 0.40218918906249995 0.6005128453124999 0.39612104062500003 0.5967647875 0.39612104062500003 0.59283825 0.3318700625 0.5930167281250001 0.3318700625 0.601405240625 0.28154012968750003 0.601405240625 0.28188979999999997 0.655651834375 0.33151311250000004 0.6553058921875 0.33151311250000004 0.662802009375 0.394871715625 0.66208809375
0 0.6962494109375 0.5760967640625 0.7314208718749999 0.5760967640625 0.7315852234375 0.5386235187499999 0.609137471875 0.5387835828124999 0.6093068749999999 0.5841502249999999 0.6962494109375 0.5841502249999999 0.6962494109375 0.5760967640625
0 0.6982216421875 0.6610646828125 0.73322875 0.6604072578125 0.7329000453125001 0.5964726406249999 0.6973998796875 0.5966369968749999 0.6973998796875 0.59039145625 0.6101234828125001 0.590384840625 0.6106216953125 0.6682963625 0.6980572890625 0.66911814375 0.6982216421875 0.6610646828125
0 0.6051384953125 0.8457186359375 0.611675928125 0.8494777453125 0.656947653125 0.849804625 0.6571110890625 0.8450648781250001 0.6623410359374999 0.8450648781250001 0.6662634953125 0.8507852609375 0.6816264640624999 0.850621821875 0.6858757953125 0.8450648781250001 0.721831678125 0.8452283171874999 0.72215855 0.8099253781250001 0.6123242171875 0.8094300359375 0.6118393640625001 0.8275768484375 0.6051384953125 0.8318262765625001 0.6051384953125 0.8457186359375
0 0.6574379609375 0.9377265203125 0.6659366234374999 0.942956584375 0.6830973859375 0.94361034375 0.68849076875 0.9375630812500001 0.72281229375 0.9370727625 0.7233026 0.8684281593750001 0.68603923125 0.8685915984375001 0.682116771875 0.8617271375 0.6651194453125 0.8618905781249999 0.6610335484375 0.8685915984375001 0.6580917046875 0.8685915984375001 0.6580917046875 0.8620540171875 0.6123242171875 0.8622142187499999 0.611675928125 0.9432834640625 0.6572745249999999 0.94361034375 0.6574379609375 0.9377265203125
0 0.7340161562499999 1 0.7339259296875 0.95945540625 0.6778674390625 0.9592919656250001 0.677704003125 0.9530812640624999 0.6084072125 0.9529178249999999 0.6059556749999999 0.9568403734375 0.606119109375 0.976779996875 0.6124931078125 0.9816831828125 0.6120079046875 1 0.7340161562499999 1
0 0.9127890624999999 0.9479296875 0.8882421875000001 0.9479296875 0.8882421875000001 0.9889765625000001 0.9127890624999999 0.9889765625000001 0.9127890624999999 0.9479296875
0 0.913265625 1 0.913265625 0.9877109374999999 0.8887656249999999 0.9877109374999999 0.8887656249999999 1 0.913265625 1
0 0.9180390624999999 0.8473515624999999 0.8879921875000001 0.8473515624999999 0.8879921875000001 0.8996484375 0.9180390624999999 0.8996484375 0.9180390624999999 0.8473515624999999
0 0.908515625 0.7115078125000001 0.887234375 0.7115078125000001 0.887234375 0.7613046875 0.908515625 0.7613046875 0.908515625 0.7115078125000001