0 0.2601887296875 0.0425477078125 0.2601887296875 0.002310909375 0.1803541171875 0.0025217671875 0.1801449953125 0.0491824984375 0.21074995312499997 0.0491824984375 0.21074995312499997 0.042975759375 0.2601887296875 0.0425477078125
0 0.1949140625 0.06393750000000001 0.1683671875 0.06393750000000001 0.1683671875 0.08684375 0.1949140625 0.08684375 0.1949140625 0.06393750000000001
0 0.194703125 0.146109375 0.16795312499999998 0.146109375 0.16795312499999998 0.178859375 0.194703125 0.178859375 0.194703125 0.146109375
0 0.19427343749999998 0.17865625000000002 0.1681640625 0.17865625000000002 0.1681640625 0.21203124999999998 0.19427343749999998 0.21203124999999998 0.19427343749999998 0.17865625000000002
0 0.197046875 0.2631796875 0.16729687499999998 0.2631796875 0.16729687499999998 0.2993515625 0.197046875 0.2993515625 0.197046875 0.2631796875
0 0.1957578125 0.2991328125 0.1668671875 0.2991328125 0.1668671875 0.3419296875 0.1957578125 0.3419296875 0.1957578125 0.2991328125
0 0.17629262343750002 0.3725329765625 0.176078603125 0.4076331625 0.22593569375000003 0.4084760015625 0.22594542031249998 0.3975739640625 0.2601887296875 0.3975739640625 0.2601887296875 0.373175053125 0.17629262343750002 0.3725329765625
0 0.1790748921875 0.459207703125 0.18891984374999998 0.45899367656249995 0.190632009375 0.4206831078125 0.1655882546875 0.42045988906250004 0.165805609375 0.444439940625 0.1694439609375 0.4532149875 0.1790748921875 0.459207703125
0 0.4202762 0.4512831453125 0.4202762 0.479748540625 0.3783281453125 0.479962565625 0.3787561875 0.51420665 0.41920609531249997 0.51420665 0.41920609531249997 0.5336829734374999 0.34686710625 0.532875725 0.34729514687499996 0.5671198093750001 0.42006217812499996 0.5673338343750001 0.4202762 0.597725459375 0.4773833609375 0.5976502453125 0.4772057 0.42153359687499997 0.376401959375 0.42153359687499997 0.377044021875 0.4510691203125 0.4202762 0.4512831453125
0 0.3770390625 0.42175 0.3372109375 0.42175 0.3372109375 0.4600625 0.3770390625 0.4600625 0.3770390625 0.42175
0 0.1916953125 0.478453125 0.1670859375 0.478453125 0.1670859375 0.512078125 0.1916953125 0.512078125 0.1916953125 0.478453125
0 0.1959765625 0.5349453125 0.1668671875 0.5349453125 0.1668671875 0.5783984375 0.1959765625 0.5783984375 0.1959765625 0.5349453125
0 0.19640625 0.5882343750000001 0.16665625 0.5882343750000001 0.16665625 0.6507343750000001 0.19640625 0.6507343750000001 0.19640625 0.5882343750000001
0 0.1961953125 0.6505156249999999 0.16602343749999998 0.6505156249999999 0.16602343749999998 0.683890625 0.1961953125 0.683890625 0.1961953125 0.6505156249999999
0 0.191921875 0.7221953125 0.166234375 0.7221953125 0.166234375 0.7686484375 0.191921875 0.7686484375 0.191921875 0.7221953125
0 0.379184228125 0.65072406875 0.379184228125 0.6796175140625 0.43119125468749997 0.6796175140625 0.43161929531250004 0.70701278125 0.384320725 0.70679875625 0.3813244359375 0.7076548578125 0.351361540625 0.7080829093750001 0.351361540625 0.73740440625 0.38474876562500004 0.7376184328125001 0.3845347453125 0.76801005625 0.45234559374999994 0.7677786671875 0.45216528125 0.7072268078125 0.478917865625 0.70701278125 0.4772057 0.6505100421875001 0.379184228125 0.65072406875
0 0.41214341406250005 0.42154949999999997 0.47741972187500004 0.42197755 0.477597359375 0.3763762984375 0.3616345328125 0.3753199859375 0.3620625734375 0.40250122812500005 0.4119293921875 0.40250122812500005 0.41214341406250005 0.42154949999999997
0 0.42006217812499996 0.331667196875 0.4202762 0.3654832296875 0.4773833609375 0.36610439375000003 0.4772057 0.30106154687500003 0.376401959375 0.3006334953125 0.3766159796875 0.331453171875 0.42006217812499996 0.331667196875
0 0.37640625 0.30062500000000003 0.343 0.30062500000000003 0.343 0.3323125 0.37640625 0.3323125 0.37640625 0.30062500000000003
0 0.3766159796875 0.30063910781250003 0.4778477625 0.301281184375 0.47848982500000004 0.2319369140625 0.4193899 0.2321416359375 0.41877805468749996 0.2700334578125 0.377044021875 0.2702474828125 0.3766159796875 0.30063910781250003
0 0.47848982500000004 0.06301740624999999 0.371907525 0.0623753296875 0.371907525 0.089342546875 0.41899207499999996 0.089556571875 0.41920609531249997 0.1544680921875 0.3588522640625 0.154254065625 0.35863824375000003 0.20647629531249997 0.419603896875 0.2073178671875 0.4196341375 0.2322093421875 0.478275803125 0.23242336875 0.47848982500000004 0.06301740624999999
0 0.47955992812500003 0.0622420734375 0.4887628171875 0.051754821875 0.48854879687499997 0.0354888828125 0.4819141546875 0.031422396875 0.4814861140625 0.001886875 0.367174384375 0.0027357640625 0.3671990703125 0.0474743109375 0.41064526875 0.0476883375 0.4108592890625 0.062456098437499996 0.47955992812500003 0.0622420734375
0 0.679066340625 0.09672575156249999 0.6788357781250001 0.102259375 0.67353284375 0.10687072812500001 0.67353284375 0.1174768375 0.679758028125 0.1204742171875 0.679527465625 0.13038862499999998 0.67330228125 0.133616571875 0.67330228125 0.142608709375 0.679527465625 0.14629779062499998 0.679296903125 0.1497563046875 0.7604346468750001 0.1495089875 0.76045486875 0.1416864390625 0.783280546875 0.1416864390625 0.7830499843750001 0.09672575156249999 0.679066340625 0.09672575156249999
0 0.8130234375000001 0.177640625 0.7869453125 0.177640625 0.7869453125 0.209015625 0.8130234375000001 0.209015625 0.8130234375000001 0.177640625
0 0.7872001078124999 0.1575895578125 0.7599937437500001 0.1575895578125 0.7599937437500001 0.14905855625 0.6968196453125 0.149750259375 0.6963585203125 0.1746515625 0.687136025 0.1806463203125 0.687136025 0.1917135671875 0.6970502078124999 0.1954026484375 0.6970502078124999 0.202089109375 0.7602041093749999 0.20207164843749997 0.76045486875 0.2090061375 0.7874306703125 0.2094672734375 0.7872001078124999 0.1575895578125
0 0.82086221875 0.2092276359375 0.7145729515625 0.21014990625 0.7143423890625 0.2292870203125 0.7041976421875 0.2292870203125 0.7039670796874999 0.264794434375 0.7726531609375 0.26523905625 0.7726746765625 0.234590075 0.82109278125 0.23435950781249998 0.82086221875 0.2092276359375
0 0.9414453125 0.1476640625 0.9077421875 0.1476640625 0.9077421875 0.21083593750000001 0.9414453125 0.21083593750000001 0.9414453125 0.1476640625
0 0.9413984375 0.23112499999999997 0.9091640625 0.23112499999999997 0.9091640625 0.26315625 0.9413984375 0.26315625 0.9413984375 0.23112499999999997
0 0.9416484374999999 0.2631796875 0.9096328124999999 0.2631796875 0.9096328124999999 0.3028203125 0.9416484374999999 0.3028203125 0.9416484374999999 0.2631796875
0 0.796653165625 0.291073096875 0.82178446875 0.2913036640625 0.8215539062499999 0.26432725156250003 0.7041976421875 0.2647883875 0.7039670796874999 0.2945316109375 0.7143423890625 0.294762178125 0.7143423890625 0.3212774546875 0.773344775 0.32149032499999997 0.7733663640625 0.293609340625 0.7950392296875 0.293609340625 0.796653165625 0.291073096875
0 0.841151709375 0.32219065625 0.7041976421875 0.3224212234375 0.7039670796874999 0.35101160937500003 0.7134201390625 0.35101160937500003 0.7131895765625 0.37337666875000003 0.7740363890624999 0.37359190937500003 0.77405805 0.3489365 0.841151709375 0.34916706875000003 0.841151709375 0.32219065625
0 0.841843396875 0.373837803125 0.7037365171875 0.3736072359375 0.7037365171875 0.4001225125 0.7127284515625 0.4003530796875 0.7127284515625 0.4236404109375 0.7742669265625 0.4233881140625 0.7742886125 0.40081421562499997 0.842073959375 0.4017364859375 0.841843396875 0.373837803125
0 0.8446101453124999 0.4229396375 0.7041976421875 0.42363134062499996 0.7039670796874999 0.45106888749999996 0.7127284515625 0.45129945625 0.7124978890625 0.4681308921875 0.7742669265625 0.468804096875 0.7742886125 0.456833078125 0.8446101453124999 0.45660251093750004 0.8446101453124999 0.4229396375
0 0.9421328125 0.33809374999999997 0.9100546875 0.33809374999999997 0.9100546875 0.3740625 0.9421328125 0.3740625 0.9421328125 0.33809374999999997
0 0.9420937500000001 0.372671875 0.91078125 0.372671875 0.91078125 0.404015625 0.9420937500000001 0.404015625 0.9420937500000001 0.372671875
0 0.9416718749999999 0.4217734375 0.909359375 0.4217734375 0.909359375 0.4572890625 0.9416718749999999 0.4572890625 0.9416718749999999 0.4217734375
0 0.9432578125 0.45775781249999997 0.9031796875 0.45775781249999997 0.9031796875 0.5462734375 0.9432578125 0.5462734375 0.9432578125 0.45775781249999997
0 0.9289531249999999 0.5707187499999999 0.894171875 0.5707187499999999 0.894171875 0.5916875 0.9289531249999999 0.5916875 0.9289531249999999 0.5707187499999999
0 0.8863515625 0.5448828125 0.8641796875000001 0.5448828125 0.8641796875000001 0.5829296875 0.8863515625 0.5829296875 0.8863515625 0.5448828125
0 0.88653125 0.5829375 0.8644375 0.5829375 0.8644375 0.6205 0.88653125 0.6205 0.88653125 0.5829375
0 0.8874531250000001 0.620046875 0.866046875 0.620046875 0.866046875 0.656921875 0.8874531250000001 0.656921875 0.8874531250000001 0.620046875
0 0.88815625 0.6576328124999999 0.86675 0.6576328124999999 0.86675 0.6949609375 0.88815625 0.6949609375 0.88815625 0.6576328124999999
0 0.8895390624999999 0.6954453125 0.8672109375 0.6954453125 0.8672109375 0.7309296875 0.8895390624999999 0.7309296875 0.8895390624999999 0.6954453125
0 0.89 0.7302500000000001 0.8679062500000001 0.7302500000000001 0.8679062500000001 0.7678125 0.89 0.7678125 0.89 0.7302500000000001
0 0.90801480625 0.661546896875 0.9096287437499999 0.767608003125 0.9460177249999999 0.7673507875000001 0.945827040625 0.6982071484375 0.931532171875 0.6982071484375 0.9313016093750001 0.6613163296875 0.90801480625 0.661546896875
0 0.7805078125 0.7295390625 0.6712109374999999 0.7295390625 0.6712109374999999 0.7678359375 0.7805078125 0.7678359375 0.7805078125 0.7295390625
0 0.7802832359375 0.70581588125 0.7427015640625 0.7053547453125 0.7427015640625 0.6945180671875 0.6804379671875 0.694500784375 0.680680278125 0.7304866156250001 0.7802832359375 0.7304866156250001 0.7802832359375 0.70581588125
0 0.7420098765625001 0.6866787671875 0.7802832359375 0.6864482 0.7805137984375 0.6587800859375 0.6806685046875 0.658767396875 0.680219153125 0.6945180671875 0.7422404390625 0.6945180671875 0.7420098765625001 0.6866787671875
0 0.7802832359375 0.6304202671875 0.7413181890625 0.6304202671875 0.7413181890625 0.6207364281250001 0.679976890625 0.6209591671875 0.680680278125 0.659010653125 0.7802832359375 0.6587800859375 0.7802832359375 0.6304202671875
0 0.7415487515625 0.6110556109374999 0.7793609859374999 0.6110556109374999 0.7798221109375 0.5822346578125 0.679758028125 0.581773521875 0.6799885906250001 0.621431153125 0.7415487515625 0.6212005859375 0.7415487515625 0.6110556109374999
0 0.7795915484375 0.5557284499999999 0.7417793140625 0.5557284499999999 0.7417793140625 0.5439695015625 0.679746353125 0.5439594796875 0.6799885906250001 0.582013159375 0.7798221109375 0.5822437265625 0.7795915484375 0.5557284499999999
0 0.9133340671875001 0.11999093593750002 0.9396626843749999 0.12016883593750001 0.9398405796875 0.09615232500000001 0.8290012750000001 0.0957913984375 0.8290113375000001 0.1480991484375 0.9133340671875001 0.1479212484375 0.9133340671875001 0.11999093593750002
0 0.9441171875000001 0.9759921874999999 0.9168828124999999 0.9759921874999999 0.9168828124999999 0.9989140624999999 0.9441171875000001 0.9989140624999999 0.9441171875000001 0.9759921874999999
0 0.7607444937500001 0.9566808968749999 0.79340455625 0.9568686015625 0.79340455625 0.917638096875 0.675146396875 0.9168803453125 0.675340303125 0.9797687046875 0.760369090625 0.9808949406249999 0.7607444937500001 0.9566808968749999
0 0.40311718750000003 0.9268828125 0.3882578125 0.9268828125 0.3882578125 0.9551796875 0.40311718750000003 0.9551796875 0.40311718750000003 0.9268828125
0 0.404734375 0.9659531250000001 0.389890625 0.9659531250000001 0.389890625 0.991984375 0.404734375 0.991984375 0.404734375 0.9659531250000001
0 0.429772934375 0.919965296875 0.429772934375 0.9270882515625001 0.40331684843750004 0.9272917640625 0.40311334062500004 0.9551730390625 0.43201152656249997 0.9549695265624999 0.43180801718749995 0.966773278125 0.4045378984375 0.966773278125 0.4045378984375 0.9918053718750001 0.4324185421875 0.9918053718750001 0.4324185421875 0.99921875 0.4946708453125 0.999114621875 0.49448859062499995 0.9191512453125 0.44930973593749995 0.91874421875 0.4430009765625 0.9201688109375 0.429772934375 0.919965296875
0 0.31480366875 0.9276983187500001 0.314992 0.999114621875 0.340649228125 0.99921875 0.3408527375 0.9276983187500001 0.31480366875 0.9276983187500001