0 0.06444531249999999 0.06741406250000001 0.0031484375 0.06741406250000001 0.0031484375 0.0939921875 0.06444531249999999 0.0939921875 0.06444531249999999 0.06741406250000001
0 0.15796875 0.06865625 0.10149999999999999 0.06865625 0.10149999999999999 0.09478125 0.15796875 0.09478125 0.15796875 0.06865625
0 0.1571882453125 0.1293481875 0.1571882453125 0.13450893749999998 0.20407822812499998 0.1346516109375 0.20379032343749998 0.105421075 0.1315414625 0.105421075 0.13232337656249998 0.129035415625 0.1571882453125 0.1293481875
0 0.2481907375 0.150137903125 0.24772158906250002 0.139972790625 0.1776620875 0.139972790625 0.1775057046875 0.15154538125 0.1271504390625 0.1523273125 0.1274632046875 0.18423012968750002 0.2508317375 0.182499684375 0.2558534953125 0.1760980390625 0.2561662609375 0.1559241984375 0.2481907375 0.150137903125
0 0.24756520625 0.202049971875 0.246939675 0.1829708375 0.127306821875 0.184065540625 0.1271504390625 0.21612474375000001 0.1775057046875 0.21612474375000001 0.1776620875 0.227697334375 0.2477044125 0.226751334375 0.2564790265625 0.2184705390625 0.256948175 0.2043957671875 0.24756520625 0.202049971875
0 0.25632264375 0.248023459375 0.24772158906250002 0.24286271093749998 0.24772158906250002 0.239578596875 0.177974853125 0.23989136875 0.1781312359375 0.24927454999999998 0.1368461734375 0.24958732343749998 0.13700255625 0.27867518593749996 0.24801714531250002 0.27866493124999997 0.2483471203125 0.2649131859375 0.2561662609375 0.2589705046875 0.25632264375 0.248023459375
0 0.2561662609375 0.29524803906249997 0.24772158906250002 0.2950916515625 0.24740882343749998 0.278671084375 0.13700255625 0.2788274703125 0.13700255625 0.3088536515625 0.17828761875000002 0.3088536515625 0.1781312359375 0.3191751515625 0.2477044125 0.31932015625 0.247877971875 0.311981378125 0.2561662609375 0.31166860625 0.2561662609375 0.29524803906249997
0 0.1809461265625 0.3493536171875 0.18078974375 0.357954865625 0.24739167968750003 0.35653532499999996 0.24772158906250002 0.31964020937500004 0.1465419078125 0.32057852656249997 0.14701105625 0.3491972296875 0.1809461265625 0.3493536171875
0 0.247252440625 0.34059598125 0.25646092343750004 0.33698954375 0.256009878125 0.32026575468749996 0.24772158906250002 0.32010936874999996 0.247252440625 0.34059598125
0 0.256009878125 0.357790278125 0.14701105625 0.35794666406250003 0.1468546734375 0.3818737765625 0.1818844234375 0.3818737765625 0.18204080625000002 0.3906314125 0.246297115625 0.3903104359375 0.24662690937499998 0.3734289140625 0.25632264375 0.37092673125000003 0.256009878125 0.357790278125
0 0.1481057359375 0.4181513109375 0.181728040625 0.4181513109375 0.1818844234375 0.4292547421875 0.246937021875 0.42893359999999997 0.2467832921875 0.41033199218750005 0.25382051875 0.4070478796875 0.2539769015625 0.39359865312500003 0.25163115937499997 0.3906273125 0.1477929703125 0.39140924374999997 0.1481057359375 0.4181513109375
0 0.26508008125 0.45708741249999996 0.26101412812499997 0.4572437984375 0.2605449796875 0.431909209375 0.2594503 0.42909425468749995 0.1374717046875 0.42940702656249996 0.1371589390625 0.4611534578125 0.20002483125 0.4606842984375 0.20002483125 0.4725696609375 0.2619337421875 0.472559084375 0.26852050312500003 0.46834722968750003 0.269146034375 0.4611534578125 0.26508008125 0.45708741249999996
0 0.2605449796875 0.49023721875000004 0.2602322140625 0.472721946875 0.1374717046875 0.473503878125 0.1376280875 0.49899485468749993 0.1998684484375 0.49930762812499996 0.20002483125 0.5099419000000001 0.26099554375 0.5096178874999999 0.267894971875 0.5032172859374999 0.267894971875 0.49336494531249997 0.2605449796875 0.49023721875000004
0 0.26758220625 0.5282329515625 0.25976306562499996 0.523697746875 0.2596066828125 0.5099357484375 0.13778447031250002 0.5104049078124999 0.1376280875 0.535739496875 0.1993993 0.5358958828125 0.1993993 0.545122678125 0.2633410375 0.544956659375 0.26382901875 0.5424641109375 0.2668002921875 0.5402747015625 0.26758220625 0.5282329515625
0 0.2180088546875 0.5537177765625 0.19220569062499998 0.5540305484375 0.19220569062499998 0.5787395937500001 0.2761630703125 0.5785754046875 0.27555773125 0.5454293 0.2180088546875 0.544960140625 0.2180088546875 0.5537177765625
0 0.19204930781250001 0.600318859375 0.21644502656250003 0.600318859375 0.2167577921875 0.6067307 0.27553760625 0.6067213296875 0.2754013484375 0.578268384375 0.19220569062499998 0.578268384375 0.19204930781250001 0.600318859375
0 0.21691417500000001 0.6153319500000001 0.19204930781250001 0.6150191781250001 0.19204930781250001 0.6361313359375 0.275693971875 0.6361181859375 0.27555773125 0.6067307 0.2167577921875 0.6070434734375 0.21691417500000001 0.6153319500000001
0 0.2161322609375 0.6550479328125001 0.21628864375 0.6653694328124999 0.2758503375 0.664733209375 0.275870496875 0.6362815703125 0.1914237765625 0.6362815703125 0.1917365421875 0.6550479328125001 0.2161322609375 0.6550479328125001
0 0.029053925 0.141810953125 0.002282296875 0.14088314531249999 0.001367734375 0.1875864921875 0.028684776562499997 0.18721733437500002 0.029053925 0.141810953125
0 0.0406796875 0.1942109375 0.0013515625 0.1942109375 0.0013515625 0.2414765625 0.0406796875 0.2414765625 0.0406796875 0.1942109375
0 0.0288515625 0.24110937500000001 0.0013671875 0.24110937500000001 0.0013671875 0.263234375 0.0288515625 0.263234375 0.0288515625 0.24110937500000001
0 0.0331484375 0.29503124999999997 0.0007890625 0.29503124999999997 0.0007890625 0.319875 0.0331484375 0.319875 0.0331484375 0.29503124999999997
0 0.0372109375 0.32003125 0.0009765625 0.32003125 0.0009765625 0.364875 0.0372109375 0.364875 0.0372109375 0.32003125
0 0.0008104265625000001 0.3653385390625 0.0008020828125000001 0.4312708328125 0.0276882734375 0.43144078593749996 0.0287821390625 0.4122195640625 0.0297197375 0.364869728125 0.0008104265625000001 0.3653385390625
0 0.026273437500000003 0.43128124999999995 0.0007890625 0.43128124999999995 0.0007890625 0.47409375000000004 0.026273437500000003 0.47409375000000004 0.026273437500000003 0.43128124999999995
0 0.0401796875 0.47409375000000004 0.0008203125000000001 0.47409375000000004 0.0008203125000000001 0.5115937500000001 0.0401796875 0.5115937500000001 0.0401796875 0.47409375000000004
0 0.0392421875 0.51065625 0.0007890625 0.51065625 0.0007890625 0.54534375 0.0392421875 0.54534375 0.0392421875 0.51065625
0 0.00078125 0.5448703312500001 0.0008104265625000001 0.572373865625 0.065504778125 0.572373865625 0.067223709375 0.569717275 0.06659864374999999 0.5454954109375 0.00078125 0.5448703312500001
0 0.039720796875 0.589876115625 0.039720796875 0.57268640625 0.0009666921875 0.5728426765625 0.001122959375 0.5901886562499999 0.039720796875 0.589876115625
0 0.0662494984375 0.7507028140625 0.056512296875 0.7507028140625 0.056901784375 0.7150638515625001 0.02282158125 0.7148691031250001 0.0234058125 0.6689084734375 0.0010019359375 0.6690979109375 0.0013997390625 0.811074828125 0.0662494984375 0.811464325 0.0662494984375 0.7507028140625
0 0.101692909375 0.668674625 0.101498165625 0.6939919203125 0.07501297812499999 0.694576165625 0.074039259375 0.7506637140625 0.0662494984375 0.75108019375 0.065665265625 0.8114522078125 0.1376977609375 0.8114407140625 0.137331065625 0.74933446875 0.1309045125 0.7495292171875 0.130515025 0.6688693734375 0.101692909375 0.668674625
0 0.46103125 0.7739453125 0.42753125000000003 0.7739453125 0.42753125000000003 0.8118984375 0.46103125 0.8118984375 0.46103125 0.7739453125
0 0.5989333593749999 0.69885855 0.5680574265625 0.69885855 0.5680574265625 0.7289501828125 0.5523578 0.7289501828125 0.552096140625 0.6991202171875 0.5222668500000001 0.69885855 0.5225285109375 0.729473515625 0.5120620921875 0.729473515625 0.5118004328125 0.69885855 0.48040117968749996 0.69885855 0.48223280312499994 0.8037867625 0.6106820265625 0.8029820828125 0.6093997765625 0.7292118484375 0.5994566796874999 0.7292118484375 0.5989333593749999 0.69885855
0 0.6829263609375 0.6991202171875 0.6564986562499999 0.6993818828125 0.6572836375 0.7292118484375 0.639490728125 0.729473515625 0.6392290671875 0.6993818828125 0.6096614375 0.6991202171875 0.6107080796875 0.8032634296875001 0.6951893984375 0.8029820828125 0.6936544390625 0.729473515625 0.683188021875 0.729473515625 0.6829263609375 0.6991202171875
0 0.5217421875 0.6397265625 0.47960156249999997 0.6397265625 0.47960156249999997 0.6679921875 0.5217421875 0.6679921875 0.5217421875 0.6397265625
0 0.6093671875 0.6399921875000001 0.5214765625 0.6399921875000001 0.5214765625 0.6685078125 0.6093671875 0.6685078125 0.6093671875 0.6399921875000001
0 0.693359375 0.639734375 0.608609375 0.639734375 0.608609375 0.669296875 0.693359375 0.669296875 0.693359375 0.639734375
0 0.6130390625000001 0.50603125 0.5897734375 0.50603125 0.5897734375 0.541875 0.6130390625000001 0.541875 0.6130390625000001 0.50603125
0 0.6130625000000001 0.4678359375 0.58975 0.4678359375 0.58975 0.5068203125 0.6130625000000001 0.5068203125 0.6130625000000001 0.4678359375
0 0.6803125 0.5138828125 0.657 0.5138828125 0.657 0.5408359375 0.6803125 0.5408359375 0.6803125 0.5138828125
0 0.7006875 0.4864140625 0.6803125 0.4864140625 0.6803125 0.5416171875 0.7006875 0.5416171875 0.7006875 0.4864140625
0 0.5335182484375001 0.5557510640625 0.49662412656250005 0.5554893984375 0.496362465625 0.5426677468750001 0.43644222499999996 0.5424060796875 0.43618056406249994 0.547377740625 0.4275457703125 0.5549660656250001 0.4275457703125 0.5659560531250001 0.43644222499999996 0.5698810484375 0.43591890468749994 0.5994493484375 0.4275457703125 0.6080843375 0.42728410937500005 0.6172426609375 0.43618056406249994 0.622214321875 0.4367038859375 0.6248309859375001 0.49791832031250005 0.625856725 0.49767076875000005 0.618027659375 0.5327332671875 0.61776599375 0.5335182484375001 0.5557510640625
0 0.49767076875000005 0.5411046093749999 0.49793242812500005 0.5261896265625 0.5256684359375 0.52645129375 0.5256684359375 0.5073496484375 0.4338183015625 0.5068138328125 0.4335639609375 0.5063029828125 0.4338256203125 0.5405812765625 0.49767076875000005 0.5411046093749999
0 0.5256684359375 0.4874630046875 0.49845575000000003 0.4874630046875 0.49793242812500005 0.46862302656250004 0.4332950359375 0.469400353125 0.4338256203125 0.5070879828125 0.5256684359375 0.50656465 0.5256684359375 0.4874630046875
0 0.6525703125 0.42806249999999996 0.6122421874999999 0.42806249999999996 0.6122421874999999 0.44325000000000003 0.6525703125 0.44325000000000003 0.6525703125 0.42806249999999996
0 0.700984375 0.3644921875 0.678453125 0.3644921875 0.678453125 0.4270390625 0.700984375 0.4270390625 0.700984375 0.3644921875
0 0.5559999999999999 0.428328125 0.5309062499999999 0.428328125 0.5309062499999999 0.451109375 0.5559999999999999 0.451109375 0.5559999999999999 0.428328125
0 0.652835409375 0.45057490937500005 0.673244925 0.45031324218749996 0.6737682453125 0.4686298890625 0.6964975609375 0.46913872031250003 0.695747721875 0.42885660156250005 0.65257375 0.42859493437499996 0.652835409375 0.45057490937500005
0 0.4989790703125 0.45214490781250005 0.529855003125 0.45188324062499996 0.5301166625 0.42885660156250005 0.4272774828125 0.429632178125 0.43199399843749997 0.46993822031250004 0.49871740937500003 0.4686298890625 0.4989790703125 0.45214490781250005
0 0.4283307515625 0.38411851406249997 0.43958215 0.389090175 0.4398438109375 0.397725165625 0.49950239218750003 0.39798683125 0.49950239218750003 0.40897681874999997 0.5486945546875 0.408715153125 0.549217875 0.363446871875 0.4400974875 0.3618693 0.43958215 0.368941865625 0.4285924125 0.377053521875 0.4283307515625 0.38411851406249997
0 0.49924073125 0.39877183125000004 0.4398438109375 0.397725165625 0.439320490625 0.40531348906250003 0.42911573281250004 0.4126401484375 0.42911573281250004 0.4173501421875 0.43800442500000003 0.4204750328125 0.43827384843750006 0.43017179375000003 0.49950239218750003 0.4288634625 0.49924073125 0.39877183125000004
0 0.5772155421875 0.3417285625 0.555236065625 0.3417285625 0.5549744046875 0.319486921875 0.4890228078125 0.3189615328125 0.4887743140625 0.36240020624999997 0.5774772031250001 0.3637085375 0.5772155421875 0.3417285625
0 0.1750546875 0.9917421875000001 0.1347890625 0.9917421875000001 0.1347890625 0.9989765625 0.1750546875 0.9989765625 0.1750546875 0.9917421875000001
0 0.2214921875 0.9920781249999999 0.1752265625 0.9920781249999999 0.1752265625 0.9991406250000001 0.2214921875 0.9991406250000001 0.2214921875 0.9920781249999999
0 0.279796875 0.992421875 0.22167187500000002 0.992421875 0.22167187500000002 0.9991406250000001 0.279796875 0.9991406250000001 0.279796875 0.992421875
0 0.7033359375 0.068015625 0.6815078125 0.068015625 0.6815078125 0.10089062499999998 0.7033359375 0.10089062499999998 0.7033359375 0.068015625
0 0.7029609375 0.15106250000000002 0.6792890625 0.15106250000000002 0.6792890625 0.179875 0.7029609375 0.179875 0.7029609375 0.15106250000000002
0 0.57521875 0.061742187500000004 0.5559999999999999 0.061742187500000004 0.5559999999999999 0.0813203125 0.57521875 0.0813203125 0.57521875 0.061742187500000004
0 0.49324218750000004 0.0037890625 0.42866406250000005 0.0037890625 0.42866406250000005 0.0266796875 0.49324218750000004 0.0266796875 0.49324218750000004 0.0037890625
0 0.52315625 0.0037890625 0.49290625 0.0037890625 0.49290625 0.0144921875 0.52315625 0.0144921875 0.52315625 0.0037890625
0 0.4932720421875 0.0270441765625 0.4297746875 0.0270441765625 0.4294055171875 0.06248536406250001 0.5231516375 0.062475439062500006 0.521698184375 0.0373811890625 0.49364121250000004 0.0373811890625 0.4932720421875 0.0270441765625
0 0.4474948796875 0.07614498750000001 0.4397422953125 0.08242103125 0.440111465625 0.09165050625 0.4486023921875 0.095711475 0.4486023921875 0.10087998281249999 0.511730575 0.10087998281249999 0.511730575 0.088697075 0.5548969515625 0.0879455171875 0.5552927140625 0.0628545421875 0.44786405 0.0628545421875 0.4474948796875 0.07614498750000001
0 0.5305582796875 0.2071987015625 0.530189109375 0.1880013921875 0.4921645296875 0.18837057031249999 0.4925337015625 0.17360340937500002 0.5213290125000001 0.17360340937500002 0.5213290125000001 0.1304094640625 0.492902871875 0.1304094640625 0.492902871875 0.1230258828125 0.5309033999999999 0.122274753125 0.53092745 0.1008751421875 0.43863478437500003 0.1016135 0.43863478437500003 0.2071987015625 0.5305582796875 0.2071987015625
0 0.55821875 0.12855468750000001 0.5224375 0.12855468750000001 0.5224375 0.1518203125 0.55821875 0.1518203125 0.55821875 0.12855468750000001
0 0.5792578125000001 0.2068125 0.5523359375 0.2068125 0.5523359375 0.23156249999999998 0.5792578125000001 0.23156249999999998 0.5792578125000001 0.2068125
0 0.550484375 0.2079296875 0.523515625 0.2079296875 0.523515625 0.23191406250000002 0.550484375 0.23191406250000002 0.550484375 0.2079296875
0 0.551970178125 0.2559206515625 0.502501309375 0.2559206515625 0.5021321390625 0.24890625000000002 0.43863478437500003 0.2485370703125 0.43789644218749996 0.2968995234375 0.5028494015625 0.2979813796875 0.502501309375 0.2828707203125 0.5523393484375 0.28360907812499997 0.551970178125 0.2559206515625
0 0.580375 0.25553125 0.55234375 0.25553125 0.55234375 0.28471875 0.580375 0.28471875 0.580375 0.25553125
0 0.523161359375 0.2069000140625 0.4379960890625 0.2065874734375 0.43830862187499997 0.24471737500000001 0.49955208281249996 0.2447083328125 0.49940884375000005 0.23237203750000002 0.5230050921875 0.23221576875 0.523161359375 0.2069000140625