0 0 0.44123437499999996 0.05450000000000001 0.44123437499999996 0.05450000000000001 0.370640625 0 0.370640625 0 0.44123437499999996
0 0.13121093749999999 0.3711171875 0.0557265625 0.3711171875 0.0557265625 0.4280390625 0.13121093749999999 0.4280390625 0.13121093749999999 0.3711171875
0 0.1636953125 0.374046875 0.1321796875 0.374046875 0.1321796875 0.427796875 0.1636953125 0.427796875 0.1636953125 0.374046875
0 0.2631328125 0.3755234375 0.1622421875 0.3755234375 0.1622421875 0.4280390625 0.2631328125 0.4280390625 0.2631328125 0.3755234375
0 0.3561953125 0.37405468750000004 0.2621484375 0.37405468750000004 0.2621484375 0.4307265625 0.3561953125 0.4307265625 0.3561953125 0.37405468750000004
0 0 0.8993765640625 0.021779578124999997 0.9002142390625 0.033068439062499996 0.8850326656249999 0.063042315625 0.8846433953125 0.076666803125 0.9002142390625 0.100412340625 0.9002142390625 0.11170120312500001 0.8873682921875 0.156078109375 0.8881468343750001 0.1607493625 0.5993076734375 0.10196942499999999 0.5977505890625 0.0984659859375 0.7515126765625 0.0058194625 0.7499555921875001 0.006987274999999999 0.6927327390625 0 0.6927327390625 0 0.8993765640625
0 0.0516953125 0.4719609375 0.009523437499999999 0.4719609375 0.009523437499999999 0.5069140625 0.0516953125 0.5069140625 0.0516953125 0.4719609375
0 0.44815625 0.3782265625 0.357125 0.3782265625 0.357125 0.4321484375 0.44815625 0.4321484375 0.44815625 0.3782265625
0 0.6233828124999999 0.4879765625 0.5683671875 0.4879765625 0.5683671875 0.6132734375 0.6233828124999999 0.6132734375 0.6233828124999999 0.4879765625
0 0.973234375 0.37605468750000004 0.844640625 0.37605468750000004 0.844640625 0.4339140625 0.973234375 0.4339140625 0.973234375 0.37605468750000004
0 0.845140625 0.3763125 0.711234375 0.3763125 0.711234375 0.43340625 0.845140625 0.43340625 0.845140625 0.3763125
0 0.71175 0.3763125 0.6912812500000001 0.3763125 0.6912812500000001 0.40865625000000005 0.71175 0.40865625000000005 0.71175 0.3763125
0 1 0.26447656249999996 0.9820390625 0.26447656249999996 0.9820390625 0.2871171875 1 0.2871171875 1 0.26447656249999996
0 0.9167734375000001 0.1496171875 0.8599453125000001 0.1496171875 0.8599453125000001 0.2873515625 0.9167734375000001 0.2873515625 0.9167734375000001 0.1496171875
0 0.0869375 0.2336484375 0.0043437499999999995 0.2336484375 0.0043437499999999995 0.2819453125 0.0869375 0.2819453125 0.0869375 0.2336484375
0 0.188109375 0.23565624999999998 0.085515625 0.23565624999999998 0.085515625 0.28453125 0.188109375 0.28453125 0.188109375 0.23565624999999998
0 0.256125 0.147625 0.18896875 0.147625 0.18896875 0.287375 0.256125 0.287375 0.256125 0.147625
0 0.3152890625 0.14933593750000002 0.2555546875 0.14933593750000002 0.2555546875 0.2879453125 0.3152890625 0.2879453125 0.3152890625 0.14933593750000002
0 0.025046875000000003 0 0.025046875000000003 0.0666328125 0.08492187500000001 0.0666328125 0.08492187500000001 0 0.025046875000000003 0
0 0.3416885203125 0 0.34094495468749997 0.0420114390625 0.3732330015625 0.0422760953125 0.37455628124999996 0.15793081874999998 0.4457487765625 0.1576661625 0.44518728750000003 0 0.3416885203125 0
0 0.44542136406250005 0 0.4465427453125 0.1576661625 0.5246163 0.1589894421875 0.52541026875 0.0430700640625 0.5547870968749999 0.043334720312500005 0.5549164546875 0 0.44542136406250005 0
0 0.44603125 0.236734375 0.40496875 0.236734375 0.40496875 0.288265625 0.44603125 0.288265625 0.44603125 0.236734375
0 0.487625 0.2375 0.44706250000000003 0.2375 0.44706250000000003 0.28903124999999996 0.487625 0.28903124999999996 0.487625 0.2375
0 0.7321722796875 0 0.73236114375 0.0606252453125 0.7869410343750001 0.0609353578125 0.7863208078125 0.28700774687499997 0.8539254453125 0.28700774687499997 0.8528115734374999 0 0.7321722796875 0
0 0.8530690046875 0 0.8529951062500001 0.06000501875000001 0.86043781875 0.06000501875000001 0.8601277062499999 0.1493175671875 0.9159480500000001 0.14962768125 0.9150177109375001 0.0609353578125 0.98014144375 0.0609353578125 0.9797698859375 0 0.8530690046875 0
0 0.1769530625 0.903193390625 0.20537000781249998 0.902809378125 0.2180424296875 0.8897529437499999 0.26911612812499996 0.8912889953124999 0.281020525 0.9062654921875 0.311357534375 0.9062654921875 0.320189828125 0.8920570203124999 0.35935913125 0.8939770843750001 0.37203155312499997 0.9093375953124999 0.40467263906250006 0.9093375953124999 0.41004881718749997 0.8962811609375001 0.44307391718750005 0.8962811609375001 0.44576200625 0.6263201781250001 0.38086384687499997 0.625936165625 0.38086384687499997 0.764564778125 0.35244690156249997 0.764180765625 0.35398295156250004 0.625168140625 0.286012690625 0.6228640640625 0.286780715625 0.7622607015625 0.2583637703125 0.7614926765625001 0.26028383437499997 0.6240161015625 0.19461765 0.6232480765624999 0.193849625 0.76072465 0.1577524234375 0.7599566249999999 0.155448346875 0.8870648546875 0.164664653125 0.8874488671874999 0.1769530625 0.903193390625
0 0.4796929703125 0.8897731875 0.514893596875 0.8900228374999999 0.526377490625 0.8745445484375001 0.5618277671875 0.874794196875 0.575059209375 0.8900228374999999 0.6070143890625 0.8905221375 0.61725003125 0.8740452484375 0.653199609375 0.8740452484375 0.6646835015625 0.8897731875 0.692394634375 0.8900228374999999 0.702879928125 0.8737955984375001 0.712116971875 0.8740452484375 0.712616271875 0.5732171890625 0.67791494375 0.572468240625 0.67666669375 0.6768218734375 0.653199609375 0.6768218734375 0.652700309375 0.7547126234375 0.6237409281249999 0.7544629734375 0.622991978125 0.6134108140625 0.5620774171875 0.6136604640625001 0.563575315625 0.7549622734375 0.5091516515625 0.7549622734375 0.5103999 0.678319771875 0.48019226875000004 0.6778204734375 0.48119086875 0.571719290625 0.44848673906250003 0.5714696406249999 0.44224549375000005 0.8732962984375 0.46696082812500006 0.8732962984375 0.4796929703125 0.8897731875
0 0.7120524500000001 0.8795536203125 0.9730954625000001 0.8750734781249999 0.9730954625000001 0.7609791640625 0.8894661218750001 0.761277840625 0.8900634734375 0.65166366875 0.80255134375 0.6519623453125 0.8016553140625 0.7609791640625 0.7117537734375 0.7609791640625 0.7120524500000001 0.8795536203125
0 0.01015625 0.4715625 0.084375 0.4715625 0.084375 0.44296875 0.1303125 0.44296875 0.1303125 0.42843749999999997 0.05421875 0.42796874999999995 0.0540625 0.44171875 0.01 0.44171875 0.01015625 0.4715625