0 0.262936275 0.26854217343750003 0.2677594578125 0.2706322671875 0.2909107328125 0.2720792546875 0.2978239609375 0.28397670625 0.3110073265625 0.28397670625 0.3180813265625 0.2735262421875 0.3778887890625 0.2746516765625 0.37772801562499997 0.237833884375 0.2491045546875 0.2349344296875 0.24910981875 0.2584132609375 0.262936275 0.25857403749999996 0.262936275 0.26854217343750003
0 0.38919135 0.592254496875 0.3797234125 0.5836739843750001 0.2666999 0.581011065625 0.2664040265625 0.625984790625 0.381179084375 0.6277464484374999 0.3803151578125 0.613557840625 0.38919135 0.6058649671875 0.38919135 0.592254496875
0 0.3880078578125 0.6481757734375 0.3809069046875 0.6431458171875 0.3797234125 0.627168309375 0.2664040265625 0.6250971515625 0.2666999 0.673325553125 0.3802915578125 0.674785284375 0.380019284375 0.669774996875 0.38830373125 0.665928559375 0.3880078578125 0.6481757734375
0 0.26640625 0.6117734375 0.24509375000000003 0.6117734375 0.24509375000000003 0.6511328125 0.26640625 0.6511328125 0.26640625 0.6117734375
0 0.986515625 0.8494765624999999 0.9431406250000001 0.8494765624999999 0.9431406250000001 0.8944921875 0.986515625 0.8944921875 0.986515625 0.8494765624999999
0 0.9297968750000001 0.836578125 0.8887656249999999 0.836578125 0.8887656249999999 0.851359375 0.9297968750000001 0.851359375 0.9297968750000001 0.836578125
0 0.8892473078125 0.9125 0.8894817046875 0.8987131796875 0.9297854296875 0.89963295 0.9293292984375 0.8504261796874999 0.8690891125 0.8506605828125 0.8693235109374999 0.9123085484375 0.8892473078125 0.9125
0 0.8976875 0.44330468749999996 0.8693125 0.44330468749999996 0.8693125 0.4786953125 0.8976875 0.4786953125 0.8976875 0.44330468749999996
0 1 0.47753125 0.9921328125000001 0.47753125 0.9921328125000001 0.5040312499999999 1 0.5040312499999999 1 0.47753125
0 1 0.5108125 0.9918906249999999 0.5108125 0.9918906249999999 0.54715625 1 0.54715625 1 0.5108125
0 1 0.54621875 0.9916796874999999 0.54621875 0.9916796874999999 0.5839375 1 0.5839375 1 0.54621875
0 0.896046875 0.18643749999999998 0.865796875 0.18643749999999998 0.865796875 0.255125 0.896046875 0.255125 0.896046875 0.18643749999999998
0 0.89415625 0.08753125 0.8669687500000001 0.08753125 0.8669687500000001 0.10206249999999999 0.89415625 0.10206249999999999 0.89415625 0.08753125