0 0.092875 0.5976171875 0.0696875 0.5976171875 0.0696875 0.6443203125 0.092875 0.6443203125 0.092875 0.5976171875
0 0.0930625 0.5505625000000001 0.06934375000000001 0.5505625000000001 0.06934375000000001 0.59709375 0.0930625 0.59709375 0.0930625 0.5505625000000001
0 0.0927109375 0.51071875 0.0719765625 0.51071875 0.0719765625 0.54390625 0.0927109375 0.54390625 0.0927109375 0.51071875
0 0.0921796875 0.471578125 0.0728515625 0.471578125 0.0728515625 0.510734375 0.0921796875 0.510734375 0.0921796875 0.471578125
0 0.091640625 0.34274218749999996 0.074078125 0.34274218749999996 0.074078125 0.38575781249999996 0.091640625 0.38575781249999996 0.091640625 0.34274218749999996
0 0.0914765625 0.30114843750000003 0.0744296875 0.30114843750000003 0.0744296875 0.34275781250000004 0.0914765625 0.34275781250000004 0.0914765625 0.30114843750000003
0 0.092921875 0.78821875 0.06689062500000001 0.78821875 0.06689062500000001 0.84528125 0.092921875 0.84528125 0.092921875 0.78821875
0 0.3787789703125 1 0.380360321875 0.8395444796874999 0.1961313484375 0.8418366484375 0.1958448328125 0.9928333328125 0.21618737968750001 0.9928333328125 0.2162168421875 1 0.3787789703125 1
0 0.8923671875 0.179109375 0.8718203125 0.179109375 0.8718203125 0.208796875 0.8923671875 0.208796875 0.8923671875 0.179109375
0 0.8923359375000001 0.20847656250000002 0.8724765624999999 0.20847656250000002 0.8724765624999999 0.24224218749999998 0.8923359375000001 0.24224218749999998 0.8923359375000001 0.20847656250000002
0 0.8926796875 0.282328125 0.8718203125 0.282328125 0.8718203125 0.308546875 0.8926796875 0.308546875 0.8926796875 0.282328125
0 0.89328125 0.30759375 0.87184375 0.30759375 0.87184375 0.35143749999999996 0.89328125 0.35143749999999996 0.89328125 0.30759375
0 0.89328125 0.350203125 0.87184375 0.350203125 0.87184375 0.398796875 0.89328125 0.398796875 0.89328125 0.350203125
0 0.8932968750000001 0.397546875 0.872484375 0.397546875 0.872484375 0.443921875 0.8932968750000001 0.443921875 0.8932968750000001 0.397546875
0 0.8932968750000001 0.44362500000000005 0.872484375 0.44362500000000005 0.872484375 0.49346875 0.8932968750000001 0.49346875 0.8932968750000001 0.44362500000000005
0 0.8936015625 0.493828125 0.8731171874999999 0.493828125 0.8731171874999999 0.540828125 0.8936015625 0.540828125 0.8936015625 0.493828125
0 0.893921875 0.5408593749999999 0.873109375 0.5408593749999999 0.873109375 0.581859375 0.893921875 0.581859375 0.893921875 0.5408593749999999
0 0.893640625 0.0453828125 0.871484375 0.0453828125 0.871484375 0.0773671875 0.893640625 0.0773671875 0.893640625 0.0453828125