0 0.3055122078125 0.890124965625 0.2646850796875 0.8896908281250001 0.26446791406250003 0.8823104875000001 0.1964950890625 0.88252755625 0.1969294203125 0.9372289031250001 0.26622448906249996 0.9375040203125 0.2662052390625 0.9289802875 0.3055122078125 0.929414425 0.3055122078125 0.890124965625
0 0.26381641718750004 0.8699088859374999 0.3046435453125 0.8690406093749999 0.3042092140625 0.8479849328125001 0.19606836875 0.8484513609375 0.19606075781250001 0.8827159468750001 0.26381641718750004 0.882933015625 0.26381641718750004 0.8699088859374999
0 0.23471623125000002 0.8184205531250001 0.25686711875 0.8184205531250001 0.25686711875 0.79671366875 0.19606836875 0.7967573781249999 0.19606075781250001 0.8368714046875001 0.23493339687499998 0.8366543359374999 0.23471623125000002 0.8184205531250001
0 0.2342819 0.7750067859375 0.256649953125 0.7743555796875 0.256215621875 0.7493926625 0.1945479578125 0.7498418296875 0.19540926249999999 0.7964966 0.2342819 0.7964966 0.2342819 0.7750067859375
0 0.23406473437500003 0.7211306953125 0.255346959375 0.7209136265625 0.2551297953125 0.7046334640625 0.194765159375 0.7046638953125 0.19497493125 0.7504349890625 0.233630403125 0.7504349890625 0.23406473437500003 0.7211306953125
0 0.25599845625 0.6870365484375001 0.232544575 0.6872536171875 0.232544575 0.6614224265625 0.1932447484375 0.661440775 0.194323434375 0.7050532625 0.25599845625 0.70570446875 0.25599845625 0.6870365484375001
0 0.2316759125 0.634245803125 0.2540439671875 0.634245803125 0.2542611328125 0.617748571875 0.19281034531250002 0.618000453125 0.19323760625 0.6618135453125 0.231458746875 0.6620306140625 0.2316759125 0.634245803125
0 0.2540439671875 0.5979953078125 0.23015575312499997 0.5986465140624999 0.23015575312499997 0.5762884234375 0.1919415390625 0.5760805421875 0.19302044062499998 0.618399778125 0.2538268015625 0.618616846875 0.2540439671875 0.5979953078125
0 0.24123119843750002 0.56083351875 0.28596730625 0.56126765625 0.28596730625 0.5452045625 0.185425490625 0.5452379140625 0.18498531406250002 0.57624540625 0.24101403281249997 0.5768966125 0.24123119843750002 0.56083351875
0 0.285532975 0.5291271281250001 0.24079686718749999 0.528692990625 0.24036253593749998 0.49179128906249997 0.184556684375 0.4915891171875 0.1843338171875 0.5456243609375 0.285315809375 0.5451902234375 0.285532975 0.5291271281250001
0 0.285750140625 0.4813289671875 0.285532975 0.45484656875 0.18194499687500001 0.4550636375 0.177167353125 0.4591879453125 0.17781885 0.4752510390625 0.1847681484375 0.479592415625 0.1847738859375 0.49180631874999997 0.24101403281249997 0.4919653390625 0.24123119843750002 0.48111189843749996 0.285750140625 0.4813289671875
0 0.28162399531250004 0.44767692343750004 0.2805381671875 0.40339488125 0.24123119843750002 0.40361195 0.24166552968750002 0.3908048890625 0.2803210015625 0.3910219578125 0.2805381671875 0.3692354109375 0.24123119843750002 0.3692354109375 0.24123119843750002 0.3629404140625 0.2794523390625 0.3629404140625 0.2792351734375 0.320611990625 0.24144836406249998 0.320177853125 0.24144836406249998 0.3156194078125 0.1847681484375 0.3154023390625 0.1862883078125 0.3979458546875 0.1830308234375 0.3979458546875 0.1834706765625 0.455099246875 0.24144836406249998 0.4550572640625 0.24123119843750002 0.4474598546875 0.28162399531250004 0.44767692343750004
0 0.18259649218750001 0.22636906406250001 0.1828136578125 0.229625096875 0.1769501875 0.2346176796875 0.1769501875 0.2500295671875 0.1830308234375 0.25393680625 0.1830308234375 0.263921971875 0.244705846875 0.26413904062500004 0.244271515625 0.2901873015625 0.2864016375 0.2901873015625 0.2864016375 0.30104074375 0.3079271984375 0.301537709375 0.3072495328125 0.23592009218749999 0.24405435 0.23548595468750003 0.24405435 0.2265861328125 0.18259649218750001 0.22636906406250001
0 0.3956766484375 0.2837271765625 0.395657253125 0.2628103390625 0.358521940625 0.2628103390625 0.358521940625 0.2838660171875 0.3956766484375 0.2837271765625
0 0.465615565625 0.26287582187499997 0.46536740312499997 0.217660021875 0.42779775937500003 0.21852829687500003 0.42758059375 0.264329821875 0.465615565625 0.26287582187499997
0 0.46602343749999997 0.2985625 0.4419140625 0.2985625 0.4419140625 0.3160625 0.46602343749999997 0.3160625 0.46602343749999997 0.2985625
0 0.466296875 0.3158125 0.441890625 0.3158125 0.441890625 0.33996875000000004 0.466296875 0.33996875000000004 0.466296875 0.3158125
0 0.46654687499999997 0.33967187499999996 0.442390625 0.33967187499999996 0.442390625 0.368671875 0.46654687499999997 0.368671875 0.46654687499999997 0.33967187499999996
0 0.46656250000000005 0.368375 0.44290624999999995 0.368375 0.44290624999999995 0.39765625 0.46656250000000005 0.39765625 0.46656250000000005 0.368375
0 0.46656250000000005 0.397328125 0.44290624999999995 0.397328125 0.44290624999999995 0.42229687499999996 0.46656250000000005 0.42229687499999996 0.46656250000000005 0.397328125
0 0.53515625 0.306921875 0.49446874999999996 0.306921875 0.49446874999999996 0.359796875 0.53515625 0.359796875 0.53515625 0.306921875
0 0.536171875 0.3589765625 0.494734375 0.3589765625 0.494734375 0.4052734375 0.536171875 0.4052734375 0.536171875 0.3589765625
0 0.5460859375 0.40549999999999997 0.49447656249999994 0.40549999999999997 0.49447656249999994 0.46803125 0.5460859375 0.46803125 0.5460859375 0.40549999999999997
0 0.46655468750000006 0.4222578125 0.4431640625 0.4222578125 0.4431640625 0.4553359375 0.46655468750000006 0.4553359375 0.46655468750000006 0.4222578125
0 0.46681249999999996 0.4550546875 0.42690625000000004 0.4550546875 0.42690625000000004 0.5442578124999999 0.46681249999999996 0.5442578124999999 0.46681249999999996 0.4550546875
0 0.46706250000000005 0.5429296875 0.42765624999999996 0.5429296875 0.42765624999999996 0.5747578125 0.46706250000000005 0.5747578125 0.46706250000000005 0.5429296875
0 0.5196562499999999 0.508140625 0.49574999999999997 0.508140625 0.49574999999999997 0.5447656249999999 0.5196562499999999 0.5447656249999999 0.5196562499999999 0.508140625
0 0.520671875 0.553890625 0.495234375 0.553890625 0.495234375 0.604484375 0.520671875 0.604484375 0.520671875 0.553890625
0 0.5216875 0.6036875 0.49574999999999997 0.6036875 0.49574999999999997 0.6944375 0.5216875 0.6944375 0.5216875 0.6036875
0 0.533125 0.6931406250000001 0.49625 0.6931406250000001 0.49625 0.784640625 0.533125 0.784640625 0.533125 0.6931406250000001
0 0.5590390625 0.6931484375 0.5325859375 0.6931484375 0.5325859375 0.7338203125 0.5590390625 0.7338203125 0.5590390625 0.6931484375
0 0.5237265625 0.7846015625 0.49752343750000005 0.7846015625 0.49752343750000005 0.8123359375 0.5237265625 0.8123359375 0.5237265625 0.7846015625
0 0.46909375000000003 0.793265625 0.43553125000000004 0.793265625 0.43553125000000004 0.846890625 0.46909375000000003 0.846890625 0.46909375000000003 0.793265625
0 0.4691015625 0.8465859375000001 0.4365546875 0.8465859375000001 0.4365546875 0.8811953125 0.4691015625 0.8811953125 0.4691015625 0.8465859375000001
0 0.46909375000000003 0.8801406249999999 0.4368125 0.8801406249999999 0.4368125 0.9114218749999999 0.46909375000000003 0.9114218749999999 0.46909375000000003 0.8801406249999999
0 0.469609375 0.9108750000000001 0.43757812500000004 0.9108750000000001 0.43757812500000004 0.9429375 0.469609375 0.9429375 0.469609375 0.9108750000000001
0 0.52525 0.8682109375 0.49753125000000004 0.8682109375 0.49753125000000004 0.9434453125 0.52525 0.9434453125 0.52525 0.8682109375
0 0.5249609375000001 0.8273203125 0.4972890625 0.8273203125 0.4972890625 0.8689296875 0.5249609375000001 0.8689296875 0.5249609375000001 0.8273203125
0 0.5536796875000001 0.2632265625 0.4942578125 0.2632265625 0.4942578125 0.3071171875 0.5536796875000001 0.3071171875 0.5536796875000001 0.2632265625
0 0.6139218750000001 0.2621796875 0.553671875 0.2621796875 0.553671875 0.3069453125 0.6139218750000001 0.3069453125 0.6139218750000001 0.2621796875
0 0.5236953125 0.21775000000000003 0.4937421875 0.21775000000000003 0.4937421875 0.24490625000000002 0.5236953125 0.24490625000000002 0.5236953125 0.21775000000000003
0 0.46526562499999996 0.1717578125 0.427421875 0.1717578125 0.427421875 0.2184609375 0.46526562499999996 0.2184609375 0.46526562499999996 0.1717578125
0 0.5089609375 0.171765625 0.4929765625 0.171765625 0.4929765625 0.191296875 0.5089609375 0.191296875 0.5089609375 0.171765625
0 0.4652578125 0.1265390625 0.42639843749999995 0.1265390625 0.42639843749999995 0.1727421875 0.4652578125 0.1727421875 0.4652578125 0.1265390625
0 0.5150546874999999 0.1333828125 0.4929765625 0.1333828125 0.4929765625 0.1732421875 0.5150546874999999 0.1732421875 0.5150546874999999 0.1333828125
0 0.518609375 0.079015625 0.493234375 0.079015625 0.493234375 0.11960937499999999 0.518609375 0.11960937499999999 0.518609375 0.079015625
0 0.46450781250000006 0.0660625 0.42564843750000003 0.0660625 0.42564843750000003 0.12596875000000002 0.46450781250000006 0.12596875000000002 0.46450781250000006 0.0660625
0 0.5191171875 0.038609375 0.4927265625 0.038609375 0.4927265625 0.079484375 0.5191171875 0.079484375 0.5191171875 0.038609375
0 0.46450781250000006 0.036828125 0.3575546875 0.036828125 0.3575546875 0.066234375 0.46450781250000006 0.066234375 0.46450781250000006 0.036828125
0 0.4639921875 0.0292109375 0.43275781249999995 0.0292109375 0.43275781249999995 0.0372890625 0.4639921875 0.0372890625 0.4639921875 0.0292109375
0 0.7368832125 0.9116413812499999 0.7373913187500001 0.92535413125 0.7823950046875 0.9246425125 0.7810884359375 0.8862473968750001 0.6685429546874999 0.89132619375 0.6695591656250001 0.9139268390625 0.7368832125 0.9116413812499999
0 0.7805803296875 0.8102522859375 0.7851532828125001 0.8064431875 0.7854073359375 0.80034863125 0.78388301875 0.7909528578125 0.7800722234374999 0.7909528578125 0.7798181703125 0.7833346625 0.715542759375 0.786381940625 0.71528870625 0.7940001359375 0.6550781453125001 0.7945080156250001 0.6548240921875 0.8437723437500001 0.71630491875 0.8417408249999999 0.71630491875 0.8475814406250001 0.7798181703125 0.8465656812500001 0.7805803296875 0.8402171859375 0.7867146234375 0.8354551109375 0.7861694953125 0.8242189765625 0.7803262765625 0.8214256375 0.7805803296875 0.8102522859375
0 0.2848522625 0.154945834375 0.285106315625 0.1331070078125 0.18678780156250002 0.1328530671875 0.18653374843749998 0.2082732 0.284876678125 0.20885644218750002 0.2848522625 0.1811016375 0.2447118875 0.1811016375 0.2447118875 0.1551997734375 0.2848522625 0.154945834375
0 0.277230671875 0.08250587968749999 0.277484725 0.091393775 0.318417240625 0.09197266875 0.317371046875 0.036034890624999996 0.231247078125 0.036034890624999996 0.23200923750000002 0.0827598203125 0.277230671875 0.08250587968749999
0 0.6725840359374999 0.10573031562499999 0.70955171875 0.1054089953125 0.7098731765624999 0.118261825 0.766771259375 0.1185831453125 0.7664498015625 0.0417874890625 0.7095721046875 0.042152520312500004 0.7092302593750001 0.050784470312499996 0.673226953125 0.051105790625 0.6725840359374999 0.10573031562499999
0 0.7082658859375 0.1639511578125 0.7658068859375 0.1639511578125 0.766771259375 0.15784606406249999 0.7715931312500001 0.1539902140625 0.7715931312500001 0.144029271875 0.766771259375 0.1385668203125 0.7664498015625 0.125713990625 0.6481634203125 0.125102471875 0.6484746796875 0.152062290625 0.7082658859375 0.1517409703125 0.7082658859375 0.1639511578125
0 0.76620651875 0.18284636875 0.76620651875 0.17158505 0.6694826468749999 0.17158505 0.6697574296875 0.2009743453125 0.7082271515625 0.2004250140625 0.7082271515625 0.210038334375 0.7664796296875 0.20933846875 0.766771259375 0.200944234375 0.77170219375 0.1971290171875 0.77170219375 0.1869663640625 0.76620651875 0.18284636875
0 0.6975105859374999 0.24189962656250003 0.6975105859374999 0.25398494375 0.765956959375 0.2543212625 0.766481303125 0.21882765625 0.6749783203125 0.21882765625 0.6747035375 0.241624959375 0.6975105859374999 0.24189962656250003
0 0.6584912968750001 0.28558917500000003 0.6584912968750001 0.2910825015625 0.76650661875 0.2908735640625 0.766481303125 0.260594540625 0.6367833828125 0.261418540625 0.6367833828125 0.28558917500000003 0.6584912968750001 0.28558917500000003
0 0.7708778421875 0.36996455 0.7648326 0.36474589062499996 0.765107384375 0.357604565625 0.6576669453124999 0.3581538984375 0.6576669453124999 0.38397253125 0.7019071265625 0.3845218640625 0.7019071265625 0.3941351859375 0.765132471875 0.3939345609375 0.76538216875 0.3869938609375 0.7706030593750001 0.38369786562499997 0.7708778421875 0.36996455
0 0.7642830328125 0.346343246875 0.7697787078125 0.3419485859375 0.7700534921875 0.3315112671875 0.7642830328125 0.325193940625 0.7645578171875 0.3155806203125 0.7002584234375 0.3166792859375 0.7002584234375 0.3205246140625 0.6571245453125 0.32082995937500003 0.6565678109374999 0.3573299 0.7642830328125 0.357604565625 0.7642830328125 0.346343246875
0 0.7785717875 0.475781503125 0.773350896875 0.4719361734375 0.771976978125 0.40848825624999996 0.7107002062500001 0.40848825624999996 0.710425421875 0.4189255765625 0.6865192375 0.419749575 0.6873435890625 0.483746825 0.7123489078125 0.483746825 0.7126236921875 0.498304140625 0.7728276921874999 0.49809487656250007 0.7725265453125 0.49281081406249994 0.7793961390625 0.4889654859375 0.7785717875 0.475781503125
0 0.6727800515625 0.5211366546875 0.67332961875 0.5497019515625 0.7733773515625 0.547838984375 0.7736256796875 0.5057553421875001 0.713173259375 0.5068540078125 0.7126236921875 0.5211366546875 0.6727800515625 0.5211366546875
0 0.7046549640624999 0.5752459187500001 0.773350896875 0.5738725875 0.774175246875 0.5683792609375 0.7802204890625 0.565632596875 0.7804952734375 0.5532726140625 0.774175246875 0.550251284375 0.774175246875 0.5475046203125 0.6345851125 0.55052595 0.634310328125 0.586781903125 0.6749884515625 0.5874144078125 0.6747035375 0.5692032593749999 0.7046549640624999 0.56892859375 0.7046549640624999 0.5752459187500001
0 0.730229146875 0.6374333453125 0.7302098499999999 0.6010997625 0.6191972234375 0.6024730953125 0.620021575 0.6390037140625 0.730229146875 0.6374333453125
0 0.782143975 0.7036207203125 0.7774726515625 0.700324725 0.776923084375 0.6887887390625 0.67690180625 0.6901620703125 0.677451375 0.7286153546875 0.7769501328125 0.7253787296875001 0.7774726515625 0.7190020328125 0.782143975 0.71707936875 0.782143975 0.7036207203125
0 0.7832431109375 0.75009214375 0.7782970031249999 0.746246815625 0.7785717875 0.7377321593749999 0.678550509375 0.7415774875000001 0.6791000765625 0.7805801046874999 0.7780494499999999 0.77787113125 0.7785717875 0.766572121875 0.7829683265625 0.76272679375 0.7832431109375 0.75009214375
0 0.63628125 0.4663046875 0.60625 0.4663046875 0.60625 0.5085703125000001 0.63628125 0.5085703125000001 0.63628125 0.4663046875