0 0.4206755015625 0.09847084843750001 0.48668767187500006 0.09801228437500001 0.49425156875000004 0.0888409609375 0.4944808 0.076688959375 0.4855416375 0.07095689375 0.48645847187499996 0.036793714062499996 0.49264713281250005 0.032208053125000004 0.49264713281250005 0.0175339546875 0.48508323750000004 0.0143239859375 0.48485400624999997 0.009509034375 0.419300253125 0.009738325 0.419300253125 0.021890325 0.35076676875 0.021890325 0.35099596875 0.09067521875 0.4204462859375 0.089758090625 0.4206755015625 0.09847084843750001
0 0.4360324953125 0.141196928125 0.502732328125 0.1416554921875 0.502732328125 0.13752841093749998 0.5098377937499999 0.1317963296875 0.51006699375 0.118497909375 0.5018154640625 0.11322440781250001 0.5013570640625 0.1077216171875 0.3826268203125 0.1081801828125 0.3828560203125 0.15449534843749999 0.4360324953125 0.15541247656249998 0.4360324953125 0.141196928125
0 0.38400206875 0.214607221875 0.436720128125 0.21437793125 0.436720128125 0.208875140625 0.5034199296875 0.20910442968749998 0.5031907296875 0.20291378437500002 0.5098377937499999 0.19488888124999998 0.5098377937499999 0.18181975 0.502503096875 0.17792194374999998 0.5020446953125 0.1643942328125 0.3385195578125 0.164490071875 0.338389475 0.1900739296875 0.38423127031250004 0.1900739296875 0.38400206875 0.214607221875
0 0.41838341874999996 0.2648797859375 0.5031907296875 0.2646504953125 0.5031907296875 0.2561670265625 0.5098377937499999 0.252957059375 0.5098377937499999 0.24011721874999997 0.5034199296875 0.2355315578125 0.5031907296875 0.220398878125 0.3539023921875 0.2204735 0.35397568437500004 0.2550206078125 0.41838341874999996 0.2550206078125 0.41838341874999996 0.2648797859375
0 0.35375 0.221484375 0.307 0.221484375 0.307 0.25570312500000003 0.35375 0.25570312500000003 0.35375 0.221484375
0 0.5041075625 0.314025784375 0.510296225 0.308752284375 0.510296225 0.29086820156250004 0.5034199296875 0.28811680625 0.5034199296875 0.2823847328125 0.4323651625 0.28192616875 0.4323651625 0.29820525937500003 0.36348514062500004 0.298396378125 0.3633732625 0.328241334375 0.5041075625 0.33030488281250003 0.5041075625 0.314025784375
0 0.4341988296875 0.3738686453125 0.5031907296875 0.3752443546875 0.5038783625 0.370429403125 0.5112130578125 0.3649266125 0.5112130578125 0.3511696265625 0.5047951953125 0.3486475140625 0.5045659953125 0.3305341578125 0.361997996875 0.328470625 0.3624564296875 0.3612580796875 0.433740428125 0.3626337890625 0.4341988296875 0.3738686453125
0 0.511900659375 0.40700457500000004 0.5036491609375 0.39966751718750004 0.4341988296875 0.399208953125 0.4341988296875 0.4154880421875 0.363144046875 0.41434163125 0.36348514062500004 0.44314632343750004 0.505253628125 0.44208486875 0.5047951953125 0.42443008437499996 0.511671459375 0.419844421875 0.511900659375 0.40700457500000004
0 0.4351156625 0.487024340625 0.5045659953125 0.48794146875 0.5125882921875 0.48404366249999997 0.5123590921875001 0.46753528906249997 0.5043367640625 0.46593030625000004 0.5043367640625 0.4427727234375 0.36348514062500004 0.44314632343750004 0.363144046875 0.4748723390625 0.4351156625 0.4767066125 0.4351156625 0.487024340625
0 0.505482828125 0.542131709375 0.511900659375 0.5377753375000001 0.511900659375 0.52080839375 0.5050243953125 0.5185155625 0.505253628125 0.5130127640625 0.436720128125 0.5125541984375 0.436720128125 0.5194326921875 0.369537403125 0.5182952484375 0.3686450609375 0.5531372921875 0.505482828125 0.5554301296874999 0.505482828125 0.542131709375
0 0.43717855937500005 0.5992231828125 0.505482828125 0.60128673125 0.505482828125 0.5909689890625 0.511900659375 0.5861540515625 0.511671459375 0.5696456640625 0.5050243953125 0.5666649859375 0.5050243953125 0.555200840625 0.3690330484375 0.5533479359375 0.368415859375 0.5907396984375 0.43717855937500005 0.5905104234375 0.43717855937500005 0.5992231828125
0 0.4170081546875 0.71717394375 0.4956268328125 0.7183203640625 0.49493920156250004 0.6690245203125 0.5050243953125 0.65962390625 0.505253628125 0.6387591625 0.49493920156250004 0.6357784843750001 0.49493920156250004 0.6307342578124999 0.4580365515625 0.6302756859375 0.4580365515625 0.6199579515625 0.42552083124999995 0.6196706453124999 0.42525968281250004 0.668107390625 0.41632053750000003 0.668107390625 0.4170081546875 0.71717394375
0 0.511900659375 0.75785634375 0.5203814203125 0.7516657062500001 0.5206106203124999 0.741577253125 0.511671459375 0.7356158984375 0.511900659375 0.7294252515624999 0.436720128125 0.7291959703125 0.436720128125 0.7395137046875 0.404085734375 0.739707184375 0.40371404375 0.7651934078125 0.512129890625 0.7656519734375 0.511900659375 0.75785634375
0 0.4348864609375 0.801649396875 0.511442259375 0.8018786859375 0.511442259375 0.7952294765625 0.521069021875 0.7874338625 0.521069021875 0.775740425 0.511671459375 0.7713840390625 0.511442259375 0.7654226828125 0.402338778125 0.7654226828125 0.402338778125 0.789955975 0.4351156625 0.7906438140625001 0.4348864609375 0.801649396875
0 0.510525425 0.8310373468750001 0.5199229875 0.825993121875 0.5201521890625 0.8106311671875 0.5109838265625 0.8106311671875 0.5109838265625 0.8016891265625 0.4351156625 0.8012305625 0.43534486250000004 0.8124654265625001 0.402338778125 0.8122361359375001 0.40256799374999996 0.8386036875 0.510525425 0.8392915421874999 0.510525425 0.8310373468750001
0 0.530234375 0.8612500000000001 0.471421875 0.8612500000000001 0.471421875 0.90509375 0.530234375 0.90509375 0.530234375 0.8612500000000001
0 0.4715546875 0.86075 0.42853906249999996 0.86075 0.42853906249999996 0.8949999999999999 0.4715546875 0.8949999999999999 0.4715546875 0.86075
0 0.4289296875 0.861 0.3919765625 0.861 0.3919765625 0.8943125000000001 0.4289296875 0.8943125000000001 0.4289296875 0.861
0 0.3924921875 0.8612578125000001 0.3549140625 0.8612578125000001 0.3549140625 0.8945546875 0.3924921875 0.8945546875 0.3924921875 0.8612578125000001
0 0.52909375 1 0.52909375 0.9495156250000001 0.47015624999999994 0.9495156250000001 0.47015624999999994 1 0.52909375 1
0 0 0.88025 0.0110546875 0.88025 0.0110546875 0.86459375 0 0.86459375 0 0.88025
0 0.0850234375 0.899234375 0.0571015625 0.899234375 0.0571015625 0.921640625 0.0850234375 0.921640625 0.0850234375 0.899234375
0 0.039609375 1 0.039609375 0.979875 0.009859375 0.979875 0.009859375 1 0.039609375 1
0 0 0.838158903125 0.0418001671875 0.8378485984375 0.0422498828125 0.8099580015625 0 0.8106841812500001 0 0.838158903125
0 0 0.7747936984375 0.0422498828125 0.7739311796874999 0.042025040624999996 0.74941445 0 0.7501439734375001 0 0.7747936984375
0 0 0.7501047796875 0.0422498828125 0.74941445 0.0418001671875 0.7284965109375 0 0.7289261015624999 0 0.7501047796875
0 0 0.6918864046875 0.04112560625 0.6906313187500001 0.041350479687500004 0.669038609375 0 0.6703178390625 0 0.6918864046875
0 0 0.6705432734375 0.041350479687500004 0.6694884562500001 0.0418001671875 0.6474458921874999 0 0.6485609250000001 0 0.6705432734375
0 0 0.5946752765625 0.0409007640625 0.5938555062499999 0.0406759203125 0.5695637 0 0.570100853125 0 0.5946752765625
0 0 0.6173522796875 0.0415753234375 0.6167977640625 0.0406759203125 0.594305353125 0 0.5949233546875 0 0.6173522796875
0 0 0.5433502921875 0.0514687890625 0.5431696484375 0.0516936328125 0.5139295109375001 0 0.514688559375 0 0.5433502921875
0 0 0.5144478328125001 0.0516936328125 0.5130298171875001 0.0516936328125 0.48019089062500003 0 0.4809217828125 0 0.5144478328125001
0 0 0.4588259609375 0.0224629515625 0.4585202453125 0.0224629515625 0.39216762968749996 0 0.392465246875 0 0.4588259609375
0 0 0.19964320156249998 0.031232140624999998 0.19964320156249998 0.031007298437500004 0.1395884578125 0 0.140407784375 0 0.19964320156249998
0 0 0.1126379953125 0.0303327375 0.1120697875 0.0301078953125 0.0607870875 0 0.060560640624999995 0 0.1126379953125
0 0.33169159062500003 1 0.333025765625 0.8622015140625001 0.11832678593749998 0.8632969171875 0.1183858671875 1 0.33169159062500003 1
0 0.2512259359375 0.6895547921875 0.234488909375 0.6895547921875 0.2349293703125 0.6670846953125 0.21389484687500002 0.6668361515625 0.213127203125 0.7272252406249999 0.250785475 0.727004946875 0.2512259359375 0.6895547921875
0 0.251 0.7274140625000001 0.21340625000000002 0.7274140625000001 0.21340625000000002 0.7653359375 0.251 0.7653359375 0.251 0.7274140625000001
0 0.24969531250000002 0.7644765625 0.2138984375 0.7644765625 0.2138984375 0.8016796875000001 0.24969531250000002 0.8016796875000001 0.24969531250000002 0.7644765625
0 0.2496875 0.8027656249999999 0.21340625000000002 0.8027656249999999 0.21340625000000002 0.839140625 0.2496875 0.839140625 0.2496875 0.8027656249999999
0 0.14837499999999998 0.7875 0.12593749999999998 0.7875 0.12593749999999998 0.8369375 0.14837499999999998 0.8369375 0.14837499999999998 0.7875
0 0.19110156250000002 0.7875 0.1487109375 0.7875 0.1487109375 0.8365 0.19110156250000002 0.8365 0.19110156250000002 0.7875
0 0.19132031249999998 0.707296875 0.16471093750000002 0.707296875 0.16471093750000002 0.787546875 0.19132031249999998 0.787546875 0.19132031249999998 0.707296875
0 0.1922109375 0.6283203125 0.1651953125 0.6283203125 0.1651953125 0.7068671875 0.1922109375 0.7068671875 0.1922109375 0.6283203125
0 0.1917734375 0.5900234375 0.1622890625 0.5900234375 0.1622890625 0.6279140625 0.1917734375 0.6279140625 0.1917734375 0.5900234375
0 0.19110156250000002 0.5502890625 0.1625234375 0.5502890625 0.1625234375 0.5904609375 0.19110156250000002 0.5904609375 0.19110156250000002 0.5502890625
0 0.2393359375 0.5536796875000001 0.2135703125 0.5536796875000001 0.2135703125 0.6098515625 0.2393359375 0.6098515625 0.2393359375 0.5536796875000001
0 0.27346875000000004 0.609890625 0.21340625000000002 0.609890625 0.21340625000000002 0.668234375 0.27346875000000004 0.668234375 0.27346875000000004 0.609890625
0 0.239984375 0.4439296875 0.21195312500000002 0.4439296875 0.21195312500000002 0.5538515625 0.239984375 0.5538515625 0.239984375 0.4439296875
0 0.2408671875 0.4170234375 0.2121953125 0.4170234375 0.2121953125 0.44413281250000003 0.2408671875 0.44413281250000003 0.2408671875 0.4170234375
0 0.1908828125 0.4243046875 0.1332109375 0.4243046875 0.1332109375 0.4692578125 0.1908828125 0.4692578125 0.1908828125 0.4243046875
0 0.19044531250000002 0.47033593749999997 0.16180468750000002 0.47033593749999997 0.16180468750000002 0.5100078124999999 0.19044531250000002 0.5100078124999999 0.19044531250000002 0.47033593749999997
0 0.19110156250000002 0.5103125000000001 0.1615546875 0.5103125000000001 0.1615546875 0.54965625 0.19110156250000002 0.54965625 0.19110156250000002 0.5103125000000001
0 0.19044531250000002 0.3836015625 0.1605859375 0.3836015625 0.1605859375 0.42355468749999997 0.19044531250000002 0.42355468749999997 0.19044531250000002 0.3836015625
0 0.1897734375 0.3470078125 0.16010156250000002 0.3470078125 0.16010156250000002 0.38367968750000003 0.1897734375 0.38367968750000003 0.1897734375 0.3470078125
0 0.239546875 0.301703125 0.21195312500000002 0.301703125 0.21195312500000002 0.32795312499999996 0.239546875 0.32795312499999996 0.239546875 0.301703125
0 0.2391171875 0.327375 0.2114765625 0.327375 0.2114765625 0.35415625 0.2391171875 0.35415625 0.2391171875 0.327375
0 0.18912500000000002 0.2668125 0.1576875 0.2668125 0.1576875 0.32278125 0.18912500000000002 0.32278125 0.18912500000000002 0.2668125
0 0.1897734375 0.2101171875 0.15719531250000002 0.2101171875 0.15719531250000002 0.2663828125 0.1897734375 0.2663828125 0.1897734375 0.2101171875
0 0.18758593750000002 0.13525 0.1271640625 0.13525 0.1271640625 0.165625 0.18758593750000002 0.165625 0.18758593750000002 0.13525
0 0.18780468749999998 0.1665 0.1281328125 0.1665 0.1281328125 0.20175 0.18780468749999998 0.20175 0.18780468749999998 0.1665
0 0.25915625000000003 0.1114921875 0.21146875 0.1114921875 0.21146875 0.1550390625 0.25915625000000003 0.1550390625 0.25915625000000003 0.1114921875
0 0.2404296875 0.0565078125 0.2112265625 0.0565078125 0.2112265625 0.0873359375 0.2404296875 0.0873359375 0.2404296875 0.0565078125
0 0.2408828125 0.02390625 0.2098671875 0.02390625 0.2098671875 0.055625 0.2408828125 0.055625 0.2408828125 0.02390625