0 0.091703125 0.1289296875 0.001046875 0.1289296875 0.001046875 0.2061953125 0.091703125 0.2061953125 0.091703125 0.1289296875
0 0.091296875 0.20534375 0.000515625 0.20534375 0.000515625 0.28025 0.091296875 0.28025 0.091296875 0.20534375
0 0.089546875 0.28010156249999996 0.0018281249999999999 0.28010156249999996 0.0018281249999999999 0.35842968750000004 0.089546875 0.35842968750000004 0.089546875 0.28010156249999996
0 0.078296875 0.35998437499999997 0.0064843750000000006 0.35998437499999997 0.0064843750000000006 0.391953125 0.078296875 0.391953125 0.078296875 0.35998437499999997
0 0 0.9968984375 0.03509375 0.9968984375 0.03509375 0.9458203125000001 0 0.9458203125000001 0 0.9968984375
0 0.27160937500000004 0.586546875 0.095890625 0.586546875 0.095890625 0.699828125 0.27160937500000004 0.699828125 0.27160937500000004 0.586546875
0 0.20592187499999998 0.5436093750000001 0.095546875 0.5436093750000001 0.095546875 0.587984375 0.20592187499999998 0.587984375 0.20592187499999998 0.5436093750000001
0 0.48139843750000005 0.6169453125000001 0.44097656250000006 0.6169453125000001 0.44097656250000006 0.7159296875 0.48139843750000005 0.7159296875 0.48139843750000005 0.6169453125000001
0 0.48140625000000004 0.75528125 0.44390625000000006 0.75528125 0.44390625000000006 0.8137812500000001 0.48140625000000004 0.8137812500000001 0.48140625000000004 0.75528125
0 0.5086953125 0.585765625 0.48177343749999996 0.585765625 0.48177343749999996 0.649890625 0.5086953125 0.649890625 0.5086953125 0.585765625
0 0.52886330625 0.6500510125 0.4815683671875 0.6505915890625 0.48237914687499994 0.9847293968749999 0.664261896875 0.985540253125 0.6658834265625 0.833691040625 0.6226423734375001 0.833691040625 0.624804434375 0.680324646875 0.5747345515625 0.68013858125 0.57534745 0.833305840625 0.52940380625 0.8330355609375 0.52886330625 0.6500510125
0 0.6016484375 0.648875 0.5756328125 0.648875 0.5756328125 0.6796562500000001 0.6016484375 0.6796562500000001 0.6016484375 0.648875
0 0.6266328125 0.6584140625 0.6020546875 0.6584140625 0.6020546875 0.6796484375 0.6266328125 0.6796484375 0.6266328125 0.6584140625
0 0.5744921875 0.3523984375 0.5147890625 0.3523984375 0.5147890625 0.39735156250000003 0.5744921875 0.39735156250000003 0.5744921875 0.3523984375
0 0.599109375 0.424203125 0.573734375 0.424203125 0.573734375 0.44954687499999996 0.599109375 0.44954687499999996 0.599109375 0.424203125
0 0.6099453125000001 0.288578125 0.5528984375 0.288578125 0.5528984375 0.324609375 0.6099453125000001 0.324609375 0.6099453125000001 0.288578125
0 0.6355625 0.1866328125 0.55246875 0.1866328125 0.55246875 0.2871796875 0.6355625 0.2871796875 0.6355625 0.1866328125
0 0.8373828124999999 0.1402890625 0.8058671875 0.1402890625 0.8058671875 0.1968359375 0.8373828124999999 0.1968359375 0.8373828124999999 0.1402890625
0 0.9196484375 0.2787890625 0.8076640625 0.2787890625 0.8076640625 0.3453671875 0.9196484375 0.3453671875 0.9196484375 0.2787890625
0 0.596559225 0.1091361515625 0.6321600625 0.10804619374999999 0.6321600625 0.049552496875000004 0.5416234 0.0490498703125 0.5435212734375 0.1857956125 0.5958326953124999 0.1872488765625 0.596559225 0.1091361515625
0 0.8033237375000001 0 0.8059457906249999 0.1397248640625 0.8651594046875 0.1400881703125 0.865522709375 0.0637920359375 0.8811435 0.063065403125 0.8809127968749999 0 0.8033237375000001 0
0 1 0 0.9362561546875 0 0.9375671234375 0.13888072499999998 1 0.1384953015625 1 0
0 0.8749190609375 1 0.8760592468749999 0.8441450749999999 0.8100169859375 0.8437956140624999 0.8114147109375001 0.7861331328125 0.7142874984375001 0.7867666984375 0.7107839078125 1 0.8749190609375 1
0 0.26556384843749997 1 0.264963284375 0.9115047265625 0.23327232968749997 0.9115047265625 0.231604390625 0.7954027046875 0.1697117671875 0.794804175 0.16985024843750002 1 0.26556384843749997 1
0 0.17019310625 1 0.1712248515625 0.79440183125 0.11115838125 0.79330280625 0.11117889375000001 0.914173746875 0.07515131875 0.9145073640625 0.0747627484375 1 0.17019310625 1