0 0.1529453125 0.3745390625 0.0163359375 0.3745390625 0.0163359375 0.42655468750000003 0.1529453125 0.42655468750000003 0.1529453125 0.3745390625
0 0 0.3948359375 0.015203125000000001 0.3948359375 0.015203125000000001 0.3742578125 0 0.3742578125 0 0.3948359375
0 0.15209375 0.426546875 0.126375 0.426546875 0.126375 0.451703125 0.15209375 0.451703125 0.15209375 0.426546875
0 0.176953125 0.42684375 0.151796875 0.42684375 0.151796875 0.45228124999999997 0.176953125 0.45228124999999997 0.176953125 0.42684375
0 0.2844140625 0.374265625 0.1535234375 0.374265625 0.1535234375 0.427703125 0.2844140625 0.427703125 0.2844140625 0.374265625
0 0.37586718750000003 0.3731171875 0.2841328125 0.3731171875 0.2841328125 0.43541406250000003 0.37586718750000003 0.43541406250000003 0.37586718750000003 0.3731171875
0 0.5435156250000001 0.373265625 0.459390625 0.373265625 0.459390625 0.436140625 0.5435156250000001 0.436140625 0.5435156250000001 0.373265625
0 0.45875000000000005 0.373046875 0.37506249999999997 0.373046875 0.37506249999999997 0.435703125 0.45875000000000005 0.435703125 0.45875000000000005 0.373046875
0 0.8144218750000001 0.3730234375 0.679328125 0.3730234375 0.679328125 0.4263828125 0.8144218750000001 0.4263828125 0.8144218750000001 0.3730234375
0 0.9073437500000001 0.3714296875 0.813625 0.3714296875 0.813625 0.4257890625 0.9073437500000001 0.4257890625 0.9073437500000001 0.3714296875
0 1 0.37084375 0.9549453124999999 0.37084375 0.9549453124999999 0.42371875000000003 1 0.42371875000000003 1 0.37084375
0 0.9772265625 0.4248359375 0.9542734375 0.4248359375 0.9542734375 0.44778906249999995 0.9772265625 0.44778906249999995 0.9772265625 0.4248359375
0 0.6812265625 0.46396875 0.6546796875 0.46396875 0.6546796875 0.4994375 0.6812265625 0.4994375 0.6812265625 0.46396875
0 0.33787734375 0.5962706609375 0.28473938125 0.59657430625 0.284132090625 0.8571871640625 0.542838053125 0.85597258125 0.5431417 0.5908900625 0.48575270000000004 0.5914973546875 0.48575270000000004 0.70931180625 0.45933554218749995 0.7099190984375 0.460246478125 0.6027322374999999 0.40407206249999994 0.603339528125 0.403768415625 0.7113523046875 0.337270053125 0.7119595953125 0.33787734375 0.5962706609375
0 0.46001562500000004 0.580375 0.425296875 0.580375 0.425296875 0.60253125 0.46001562500000004 0.60253125 0.46001562500000004 0.580375
0 0.3377265625 0.5737109375 0.2853984375 0.5737109375 0.2853984375 0.5961328124999999 0.3377265625 0.5961328124999999 0.3377265625 0.5737109375
0 0 0.6126406249999999 0.0202890625 0.6126406249999999 0.0202890625 0.504765625 0 0.504765625 0 0.6126406249999999
0 0.0260859375 0.2681328125 0.0041640625 0.2681328125 0.0041640625 0.2857109375 0.0260859375 0.2857109375 0.0260859375 0.2681328125
0 0.11759375000000001 0.24910937500000002 0.0265625 0.24910937500000002 0.0265625 0.286203125 0.11759375000000001 0.286203125 0.11759375000000001 0.24910937500000002
0 0.20212500000000003 0.21925 0.15684375 0.21925 0.15684375 0.28403125 0.20212500000000003 0.28403125 0.20212500000000003 0.21925
0 0.28776562499999997 0.20089843749999997 0.201265625 0.20089843749999997 0.201265625 0.2843203125 0.28776562499999997 0.2843203125 0.28776562499999997 0.20089843749999997
0 0.680359375 0.23692968749999999 0.620671875 0.23692968749999999 0.620671875 0.2849765625 0.680359375 0.2849765625 0.680359375 0.23692968749999999
0 0.8295859374999999 0.2524375 0.7722890625 0.2524375 0.7722890625 0.28346875 0.8295859374999999 0.28346875 0.8295859374999999 0.2524375
0 0.8561484374999999 0.2611015625 0.8397265624999999 0.2611015625 0.8397265624999999 0.2760234375 0.8561484374999999 0.2760234375 0.8561484374999999 0.2611015625
0 0.9226953124999999 0.25094531249999996 0.8621171875 0.25094531249999996 0.8621171875 0.2843671875 0.9226953124999999 0.2843671875 0.9226953124999999 0.25094531249999996
0 0.9489531250000001 0.25990625 0.929859375 0.25990625 0.929859375 0.27721874999999996 0.9489531250000001 0.27721874999999996 0.9489531250000001 0.25990625
0 0.97484375 0.056406250000000005 0.94859375 0.056406250000000005 0.94859375 0.07875 0.97484375 0.07875 0.97484375 0.056406250000000005
0 0.704390625 0.7184375000000001 0.681203125 0.7184375000000001 0.681203125 0.8543125 0.704390625 0.8543125 0.704390625 0.7184375000000001
0 0.8622881828125 0.6680661390625 0.8622881828125 0.7170296328125 0.769749521875 0.7177324578125 0.770686621875 0.6130114921875001 0.706026696875 0.6130114921875001 0.7048553203125001 0.8545491125 0.9237057406250001 0.8526749109375 0.9248771171874999 0.6675975890625 0.8622881828125 0.6680661390625
0 0.5430806984375 0.855017125 0.682399478125 0.8554084703125 0.6816167875 0.5004586609375 0.6323073328125 0.5004586609375 0.6311332984375 0.7184377609375 0.5426893546875 0.720003140625 0.5430806984375 0.855017125
0 0.040796056250000004 0.867497075 0.0621718875 0.867497075 0.07212270625 0.8568091578124999 0.10197516250000001 0.8568091578124999 0.110451784375 0.8663914281249999 0.13514455625 0.8660228796875 0.1395671421875 0.8586519031250001 0.1635228171875 0.8586519031250001 0.17310508593750001 0.868234171875 0.19374382031249998 0.8686027203125001 0.2003777 0.85754625625 0.2836697359375 0.856440609375 0.2844068328125 0.712706565625 0.20774867656249998 0.7138122124999999 0.209222871875 0.6220435531249999 0.09681547812499999 0.6231492000000001 0.0971840265625 0.7138122124999999 0.019788771875 0.7141807609375 0.0205258703125 0.8568091578124999 0.030108140625 0.8568091578124999 0.040796056250000004 0.867497075
0 0.023900898437500002 0 0.023786426562499997 0.083678465625 0.0808112234375 0.0840511765625 0.0808112234375 0 0.023900898437500002 0
0 0.11250892812499999 0 0.11323708750000001 0.0915053984375 0.174734415625 0.0911326875 0.17391830156250002 0 0.11250892812499999 0
0 0.2005549546875 0 0.2000787703125 0.08964184375 0.26269423281250004 0.0892691328125 0.26296070781249997 0 0.2005549546875 0
0 0.6067088015625 0 0.6058539765625001 0.08323864375 0.678139271875 0.08323864375 0.6786301953125 0 0.6067088015625 0