0 0.032007812499999996 0 0.032007812499999996 0.06940625 0.0700546875 0.06940625 0.0700546875 0 0.032007812499999996 0
0 0.076546875 0.06867187500000001 0.031296875 0.06867187500000001 0.031296875 0.143765625 0.076546875 0.143765625 0.076546875 0.06867187500000001
0 0.1583984375 0 0.1583984375 0.0325625 0.1870703125 0.0325625 0.1870703125 0 0.1583984375 0
0 0.18751562500000002 0.04965625 0.159609375 0.04965625 0.159609375 0.0843125 0.18751562500000002 0.0843125 0.18751562500000002 0.04965625
0 0.18703125 0.1062265625 0.16009374999999998 0.1062265625 0.16009374999999998 0.1401484375 0.18703125 0.1401484375 0.18703125 0.1062265625
0 0.187765625 0.15918749999999998 0.16082812500000002 0.15918749999999998 0.16082812500000002 0.19359375 0.187765625 0.19359375 0.187765625 0.15918749999999998
0 0.1867890625 0.22009375000000003 0.1603359375 0.22009375000000003 0.1603359375 0.25715625000000003 0.1867890625 0.25715625000000003 0.1867890625 0.22009375000000003
0 0.188 0.2788359375 0.1610625 0.2788359375 0.1610625 0.3151640625 0.188 0.3151640625 0.188 0.2788359375
0 0.142984375 0.31371875 0.05248437500000001 0.31371875 0.05248437500000001 0.34500000000000003 0.142984375 0.34500000000000003 0.142984375 0.31371875
0 0.143703125 0.3440546875 0.117484375 0.3440546875 0.117484375 0.4511640625 0.143703125 0.4511640625 0.143703125 0.3440546875
0 0.18896875 0.33490625 0.1610625 0.33490625 0.1610625 0.3661875 0.18896875 0.3661875 0.18896875 0.33490625
0 0.189703125 0.3929140625 0.162484375 0.3929140625 0.162484375 0.42614843750000003 0.189703125 0.42614843750000003 0.189703125 0.3929140625
0 0 0.49762500000000004 0.030570312500000002 0.49762500000000004 0.030570312500000002 0.4735625 0 0.4735625 0 0.49762500000000004
0 0.07703125 0.47307812499999996 0.0455 0.47307812499999996 0.0455 0.497859375 0.07703125 0.497859375 0.07703125 0.47307812499999996
0 0.10785156250000001 0.4733203125 0.0768046875 0.4733203125 0.0768046875 0.49761718750000006 0.10785156250000001 0.49761718750000006 0.10785156250000001 0.4733203125
0 0.1598359375 0.47259375 0.1283203125 0.47259375 0.1283203125 0.497375 0.1598359375 0.497375 0.1598359375 0.47259375
0 0.1877578125 0.4721171875 0.1586484375 0.4721171875 0.1586484375 0.4964140625 0.1877578125 0.4964140625 0.1877578125 0.4721171875
0 0.2414453125 0.4721171875 0.21258593750000002 0.4721171875 0.21258593750000002 0.4947265625 0.2414453125 0.4947265625 0.2414453125 0.4721171875
0 0.26671875 0.47164062500000004 0.24075000000000002 0.47164062500000004 0.24075000000000002 0.494734375 0.26671875 0.494734375 0.26671875 0.47164062500000004
0 0.31124999999999997 0.4713984375 0.2848125 0.4713984375 0.2848125 0.4942578125 0.31124999999999997 0.4942578125 0.31124999999999997 0.4713984375
0 0.3377265625 0.470921875 0.3108046875 0.470921875 0.3108046875 0.494015625 0.3377265625 0.494015625 0.3377265625 0.470921875
0 0.03129988125 0.5737035406250001 0.000243884375 0.5737035406250001 0.0012068609375 0.6791518703125 0.011077371875 0.6786703703125 0.0182996953125 0.685892859375 0.0334589515625 0.6861063406250001 0.040688903124999995 0.677948121875 0.040688903124999995 0.623779459375 0.03129988125 0.623779459375 0.03129988125 0.5737035406250001
0 0.078004246875 0.5737035406250001 0.051763134375 0.5737035406250001 0.051763134375 0.623779459375 0.040688903124999995 0.624260959375 0.040929646874999996 0.6793926203125 0.0438185765625 0.67963336875 0.0479020703125 0.686828496875 0.0618743890625 0.6866151078125 0.06717076093749999 0.67963336875 0.07920796875 0.6793926203125 0.078004246875 0.5737035406250001
0 0.10784276875000001 0.6237802765625 0.10737396875 0.5734613093750001 0.0781521234375 0.573617578125 0.079245990625 0.6800375078124999 0.088465715625 0.680193778125 0.094716378125 0.6880072828125 0.10845833281249999 0.6876770828125001 0.11221823125 0.6806625890625 0.11893769375 0.6806625890625 0.11940649375000001 0.6237802765625 0.10784276875000001 0.6237802765625
0 0.12956381875 0.57314876875 0.1297200859375 0.6240928171875 0.11940649375000001 0.6242490875 0.1198752921875 0.6811313984375 0.1245632890625 0.68128766875 0.1314390171875 0.688163553125 0.1434583328125 0.6881458328125001 0.14925340468749998 0.68050631875 0.161285928125 0.68050631875 0.16034832968749999 0.57314876875 0.12956381875 0.57314876875
0 0.189257640625 0.623936546875 0.1889451078125 0.5733050390625001 0.1605045953125 0.57314876875 0.1611296625 0.680818859375 0.16956805625 0.680818859375 0.170661921875 0.684569340625 0.1751936515625 0.688163553125 0.1895520828125 0.6884583328125 0.19660216875 0.6811313984375 0.1997275 0.6811313984375 0.1992587 0.6240928171875 0.189257640625 0.623936546875
0 0.21080883749999998 0.5726798171875 0.21080883749999998 0.62393640625 0.199088846875 0.624248946875 0.1998701796875 0.68160006875 0.20190164375 0.681287528125 0.207058440625 0.688475953125 0.21970833281250002 0.6883020828124999 0.22784189062500002 0.6801936375000001 0.24299974687499998 0.6801936375000001 0.242062146875 0.5726798171875 0.21080883749999998 0.5726798171875
0 0.268783728125 0.6244052171875001 0.26847119375 0.5728360875 0.242062146875 0.5729923578125 0.2431560125 0.6803499078125 0.250969340625 0.6803499078125 0.256282403125 0.688475953125 0.27017708281249997 0.6884583328125 0.27565945625 0.6811312578125001 0.27956611875 0.6811312578125001 0.279409853125 0.624248946875 0.268783728125 0.6244052171875001
0 0.3114444953125 0.5725235468750001 0.2912861109375 0.5726798171875 0.29159864375 0.6240926765625 0.27956611875 0.624248946875 0.27987865312500004 0.6817563390625 0.283785315625 0.68160006875 0.2903333328125 0.6887708328125 0.3023810359375 0.6887884921875 0.3078503640625 0.6811312578125001 0.3120695609375 0.6811312578125001 0.3114444953125 0.5725235468750001
0 0.3473858015625 0.6233113265625 0.33691594375 0.6233113265625 0.33691594375 0.5726798171875 0.3116007625 0.5728360875 0.3120695609375 0.68081871875 0.3225394203125 0.68081871875 0.3253333328125 0.6875208328125 0.33691594375 0.6875383328125 0.3436354046875 0.6801936375000001 0.34769833437500003 0.6801936375000001 0.3473858015625 0.6233113265625
0 0.385514840625 0.554239946875 0.3558241953125 0.554239946875 0.35629299531249997 0.6234675968750001 0.34769833437500003 0.623623865625 0.3484796671875 0.6803499078125 0.35580208281250003 0.6873645828125 0.3700444515625 0.6873820625 0.376138846875 0.6798810984375 0.3859836390625 0.6798810984375 0.385514840625 0.554239946875
0 0.41958094843750005 0.6515962125 0.427238009375 0.64659556875 0.426925475 0.6314373703125 0.41879961562499995 0.6273743484375001 0.41848708125 0.6226862453125 0.4114550875 0.622842515625 0.4109862875 0.554239946875 0.3853585734375 0.554239946875 0.3858273734375 0.6795685578125 0.39082790312500004 0.679724828125 0.3975473640625 0.6872257921875 0.41189583281250003 0.6873645828125 0.41676814999999995 0.679099746875 0.41989348125000003 0.6789434765625 0.41958094843750005 0.6515962125
0 0.3859765625 0.46971093750000004 0.3661171875 0.46971093750000004 0.3661171875 0.4928515625 0.3859765625 0.4928515625 0.3859765625 0.46971093750000004
0 0.4418984375 0.4695703125 0.3855078125 0.4695703125 0.3855078125 0.4934609375 0.4418984375 0.4934609375 0.4418984375 0.4695703125
0 0.42409915624999994 0.40175069375000005 0.42409915624999994 0.3926870296875 0.29985640468749997 0.3926870296875 0.30001267187499997 0.41972175468749995 0.3256403859375 0.41956548437499996 0.32579665156250004 0.4412870265625 0.3579875609375 0.4412870265625 0.358143828125 0.4328484421875 0.42361458281250003 0.4333020828125 0.4233178234375 0.42925422968750004 0.430974884375 0.42269088593750004 0.430974884375 0.4073764171875 0.42409915624999994 0.40175069375000005
0 0.3262654515625 0.3867549125 0.358143828125 0.3867549125 0.358143828125 0.3772224375 0.4244008453125 0.3773787078125 0.4245571109375 0.3694089328125 0.4329955046875 0.363783209375 0.43330803749999997 0.3511253328125 0.42533844375 0.3434680984375 0.42518217812500003 0.335185784375 0.30063333281250004 0.3350208328125 0.3004814703125 0.36237677968750004 0.32642171875 0.3625330484375 0.3262654515625 0.3867549125
0 0.3584563609375 0.327380475 0.35830009375 0.317848 0.42518217812500003 0.317535459375 0.42518217812500003 0.3119097359375 0.43346430468749997 0.308002984375 0.43330803749999997 0.29565764687499996 0.4261197765625 0.2878441421875 0.42580724375 0.2784679375 0.301262803125 0.2784679375 0.3011020828125 0.3067395828125 0.3272030515625 0.307221634375 0.327046784375 0.327380475 0.3584563609375 0.327380475
0 0.3268905171875 0.2709731203125 0.3600190265625 0.2712856609375 0.35970649374999997 0.26534739687500003 0.4259635109375 0.26503485625 0.4256509765625 0.260971834375 0.43518323593749997 0.2567525421875 0.43518323593749997 0.243000775 0.4261197765625 0.237531321875 0.4256509765625 0.21909145156249998 0.3017270828125 0.2192395828125 0.301262803125 0.2497203890625 0.32657798437499996 0.250032928125 0.3268905171875 0.2709731203125
0 0.32814065000000003 0.2131613828125 0.3601752921875 0.213317653125 0.3601752921875 0.2042539890625 0.4270573765625 0.20378517812500002 0.4270573765625 0.198315725 0.4354957703125 0.1933150828125 0.43533950312499997 0.178156884375 0.427369909375 0.17425013125 0.4272136421875 0.15956074375 0.3015708328125 0.1592395828125 0.3015753359375 0.1864391984375 0.32814065000000003 0.18659546875 0.32814065000000003 0.2131613828125
0 0.3282969171875 0.1505011765625 0.360800359375 0.15034490625000002 0.360956625 0.1445629125 0.4286200421875 0.1444066421875 0.4283075078125 0.1384683796875 0.43643336875000005 0.133936546875 0.43643336875000005 0.1201847796875 0.4283075078125 0.11596548749999999 0.4283075078125 0.10502658125 0.30235208281250003 0.10533333281249999 0.30220040312499996 0.1350304375 0.3282969171875 0.1351867078125 0.3282969171875 0.1505011765625
0 0.3295470484375 0.09925073437500001 0.36126915937500004 0.0994070046875 0.3611128921875 0.08987452968750001 0.4283075078125 0.0895619890625 0.4283075078125 0.08471761562499999 0.43752723437499996 0.081279675 0.43737096875 0.06752790625 0.428932575 0.0609645625 0.4287763078125 0.048931765625 0.3031333328125 0.0493958328125 0.30235666875 0.0778417328125 0.329703315625 0.078154271875 0.3295470484375 0.09925073437500001
0 0.3032560890625 0 0.3031380015625 0.02471605 0.3300158484375 0.02487231875 0.329703315625 0.0428433796875 0.36126915937500004 0.0428433796875 0.361425425 0.036123765625 0.428932575 0.0354986859375 0.4287763078125 0.02846653125 0.43737096875 0.02487231875 0.43737096875 0.008932770312500001 0.42924510781249997 0.0061199093750000004 0.42910111406249996 0 0.3032560890625 0
0 0.6321738484375 0.542435653125 0.631748846875 0.6076748359375 0.619848809375 0.6076748359375 0.6192113078125 0.678864171875 0.6525739125000001 0.678864171875 0.6523614125 0.6922520171875 0.6818990046875 0.6922520171875 0.6821115062499999 0.6795016875 0.7177963125 0.6799065359375 0.717174115625 0.6083123515625 0.7084615890625 0.6083123515625 0.7082490875 0.5426481578125 0.6321738484375 0.542435653125
0 0.8667745874999999 0.60976565 0.8572120578125 0.60976565 0.8569995578125 0.5434639406249999 0.77752430625 0.5439231906249999 0.778374309375 0.6083123515625 0.7679617765625 0.6083123515625 0.768386778125 0.6795016875 0.7957993640625001 0.6795016875 0.7964368656249999 0.69331454375 0.8323220421874999 0.6932926593750001 0.8321369781250001 0.6807838546875 0.8669870890625001 0.68035884375 0.8667745874999999 0.60976565
0 0.831078125 0.5167265624999999 0.8140468750000001 0.5167265624999999 0.8140468750000001 0.5439296875 0.831078125 0.5439296875 0.831078125 0.5167265624999999
0 0.8144921875 0.4727421875 0.7730390625 0.4727421875 0.7730390625 0.5033515625 0.8144921875 0.5033515625 0.8144921875 0.4727421875
0 0.8561249999999999 0.4727421875 0.8145 0.4727421875 0.8145 0.5033515625 0.8561249999999999 0.5033515625 0.8561249999999999 0.4727421875
0 0.870140625 0.41644531249999994 0.847015625 0.41644531249999994 0.847015625 0.45064843750000005 0.870140625 0.45064843750000005 0.870140625 0.41644531249999994
0 0.923265625 0.4134765625 0.893765625 0.4134765625 0.893765625 0.45042968749999995 0.923265625 0.45042968749999995 0.923265625 0.4134765625
0 0.9230859375 0.3773359375 0.8937265625 0.3773359375 0.8937265625 0.4134765625 0.9230859375 0.4134765625 0.9230859375 0.3773359375
0 0.9233046874999999 0.338234375 0.8939453125 0.338234375 0.8939453125 0.377765625 0.9233046874999999 0.377765625 0.9233046874999999 0.338234375
0 0.869953125 0.3346328125 0.846765625 0.3346328125 0.846765625 0.3692734375 0.869953125 0.3692734375 0.869953125 0.3346328125
0 0.8701796875 0.2844765625 0.8461328124999999 0.2844765625 0.8461328124999999 0.3129609375 0.8701796875 0.3129609375 0.8701796875 0.2844765625
0 0.9235078124999999 0.29850781249999997 0.8943671875 0.29850781249999997 0.8943671875 0.3384609375 0.9235078124999999 0.3384609375 0.9235078124999999 0.29850781249999997
0 0.9247890625 0.2594140625 0.8954296875000001 0.2594140625 0.8954296875000001 0.2985234375 0.9247890625 0.2985234375 0.9247890625 0.2594140625
0 0.9250078125 0.2203203125 0.8954296875000001 0.2203203125 0.8954296875000001 0.2602734375 0.9250078125 0.2602734375 0.9250078125 0.2203203125
0 0.8697421875 0.22117187500000002 0.8461328124999999 0.22117187500000002 0.8461328124999999 0.25198437500000004 0.8697421875 0.25198437500000004 0.8697421875 0.22117187500000002
0 0.9239453125000001 0.1788828125 0.8954296875000001 0.1788828125 0.8954296875000001 0.22096093749999998 0.9239453125000001 0.22096093749999998 0.9239453125000001 0.1788828125
0 0.8703828124999999 0.16315625 0.8457109375 0.16315625 0.8457109375 0.19290625 0.8703828124999999 0.19290625 0.8703828124999999 0.16315625
0 0.9243671875 0.1389296875 0.8958515625000001 0.1389296875 0.8958515625000001 0.1793203125 0.9243671875 0.1793203125 0.9243671875 0.1389296875
0 0.8701640625 0.10111718750000001 0.8454921875 0.10111718750000001 0.8454921875 0.1304453125 0.8701640625 0.1304453125 0.8701640625 0.10111718750000001
0 0.9249921875 0.1023984375 0.8958515625000001 0.1023984375 0.8958515625000001 0.1402265625 0.9249921875 0.1402265625 0.9249921875 0.1023984375
0 0.7558281250000001 0.102390625 0.716109375 0.102390625 0.716109375 0.13023437499999999 0.7558281250000001 0.13023437499999999 0.7558281250000001 0.102390625
0 0.7549765625 0.163796875 0.7158984375 0.163796875 0.7158984375 0.18951562500000002 0.7549765625 0.18951562500000002 0.7549765625 0.163796875
0 0.92496875 0.0681875 0.8963125 0.0681875 0.8963125 0.10346875 0.92496875 0.10346875 0.92496875 0.0681875
0 0.9241093749999999 0.029515625 0.8954531250000001 0.029515625 0.8954531250000001 0.06882812499999999 0.9241093749999999 0.06882812499999999 0.9241093749999999 0.029515625
0 0.87078125 0.036953124999999996 0.84509375 0.036953124999999996 0.84509375 0.066703125 0.87078125 0.066703125 0.87078125 0.036953124999999996
0 0.896109375 0 0.896109375 0.029953125000000004 0.9243281250000001 0.029953125000000004 0.9243281250000001 0 0.896109375 0
0 0.8450703125000001 0 0.8450703125000001 0.0193203125 0.8710234375000001 0.0193203125 0.8710234375000001 0 0.8450703125000001 0
0 0.601883559375 0 0.59902374375 0.0021108640625 0.59902374375 0.0148611921875 0.6083737734375 0.0201738296875 0.6083737734375 0.0282490375 0.7069599249999999 0.0284484828125 0.706974084375 0.002535875 0.66468645 0.0021108640625 0.66468645 0 0.601883559375 0
0 0.707186584375 0.0282490375 0.608798775 0.0286740484375 0.608798775 0.03377418125 0.5994487453125 0.042911915625000005 0.5996612453125 0.05714978281250001 0.6085862734374999 0.0633124421875 0.608798775 0.065437496875 0.6648892484375 0.0658446390625 0.6648989515625 0.053537190624999995 0.7067615828125 0.053324684375 0.707186584375 0.0282490375
0 0.608798775 0.0652166328125 0.608798775 0.06755419375 0.6002987484375 0.07435436875 0.600086246875 0.0900797734375 0.6085862734374999 0.09496740000000001 0.6085862734374999 0.1021925859375 0.707172403125 0.10302831875 0.7067615828125 0.0764794234375 0.6648989515625 0.0762669171875 0.6651114515625001 0.06585415 0.608798775 0.0652166328125
0 0.59902374375 0.1289682765625 0.599873746875 0.1393810453125 0.6102862796874999 0.14703124375 0.6767989890624999 0.14724374843750002 0.6767989890624999 0.156168978125 0.7156715296875 0.1563603375 0.7158991125 0.102830103125 0.608798775 0.1030426078125 0.6085862734374999 0.12068056406250001 0.59902374375 0.1289682765625
0 0.59902374375 0.1873961390625 0.59902374375 0.19950895156249998 0.608161271875 0.204184071875 0.6759489859375 0.2052466 0.6763739875 0.21289679687500002 0.7156715296875 0.2126670515625 0.7156866109375 0.16380803125 0.607736271875 0.16338302031250002 0.6073112703125 0.1803834578125 0.59902374375 0.1873961390625
0 0.7156866109375 0.28917512031250003 0.7156866109375 0.23137362968750003 0.6748864828125 0.23179864062500002 0.6746739828125 0.2209608609375 0.607736271875 0.22074835468749998 0.6083737734375 0.3272136015625 0.6748864828125 0.32763861250000004 0.6748864828125 0.3227509859375 0.7152465734375 0.3225182625 0.715049109375 0.297462834375 0.6748864828125 0.2976753390625 0.6748864828125 0.289387625 0.7156866109375 0.28917512031250003
0 0.74690625 0.334625 0.7135625 0.334625 0.7135625 0.35228125 0.74690625 0.35228125 0.74690625 0.334625
0 0.7466875 0.3866796875 0.7135625 0.3866796875 0.7135625 0.40816406250000004 0.7466875 0.40816406250000004 0.7466875 0.3866796875
0 0.59902374375 0.35249060781249997 0.59902374375 0.3673659921875 0.607736271875 0.3741661671875 0.6075237703125 0.37735375000000004 0.6748864828125 0.37735375000000004 0.6748864828125 0.38479144062500004 0.7135467484375 0.38498684375000003 0.7135616046875 0.3344276421875 0.607736271875 0.33400263125 0.6073112703125 0.347177971875 0.59902374375 0.35249060781249997
0 0.5994487453125 0.41070875156250003 0.59923624375 0.4277091890625 0.6096487765624999 0.43642191406249997 0.6748864828125 0.4366344203125 0.6748864828125 0.4436471 0.7137592265625 0.4442682515625 0.7135616046875 0.391158246875 0.608161271875 0.391158246875 0.6079487718750001 0.4036960703125 0.5994487453125 0.41070875156250003
0 0.9625937499999999 0.4729453125 0.9258124999999999 0.4729453125 0.9258124999999999 0.5037734375 0.9625937499999999 0.5037734375 0.9625937499999999 0.4729453125
0 1 0.4727421875 0.9621562499999999 0.4727421875 0.9621562499999999 0.5044140625 1 0.5044140625 1 0.4727421875
0 1 0.6112887390624999 0.9997795046875 0.6112887390624999 0.9989295031250001 0.574737796875 0.9625918875 0.574737796875 0.9623793875000001 0.5460495562500001 0.9264667734375 0.5456245453124999 0.926679275 0.6106512234375 0.9145667359375 0.6106512234375 0.9156292390624999 0.6805655265625 0.94474183125 0.6805655265625 0.9449543328125 0.69480339375 0.9816941921875 0.6954174421875 0.9817169484375 0.6824780765625 1 0.6826059328125 1 0.6112887390624999