0 0.3655596875 0.028182995312499997 0.40717113125 0.028182995312499997 0.40731314375 0.00019629374999999998 0.29994710625 0 0.3000891203125 0.031876668749999996 0.3655596875 0.032018728125 0.3655596875 0.028182995312499997
0 0.3591688375 0.15088305156249998 0.35476627031249997 0.15088305156249998 0.35533434375 0.089795340625 0.2969647109375 0.0896532765625 0.29682269843750003 0.1505989234375 0.28517717187499997 0.1505989234375 0.2848931359375 0.212396953125 0.3587427984375 0.213107278125 0.3591688375 0.15088305156249998
0 0.366382115625 0.21318612812499999 0.44307213125 0.2144647 0.4440662625 0.151042434375 0.43668129999999994 0.151042434375 0.43724937343750003 0.0900967890625 0.3734539265625 0.09001953124999999 0.37334101875000003 0.15120910625 0.36652412968750003 0.151103965625 0.366382115625 0.21318612812499999
0 0.6812519640625 0.22026306406249999 0.7627706140625 0.22111544843750003 0.7629126281249999 0.15747058125 0.68196205 0.154487228125 0.68196205 0.1597436109375 0.6359539265625 0.15845703125 0.634669871875 0.2101764859375 0.6812519640625 0.2106026828125 0.6812519640625 0.22026306406249999
0 0.7660370375000001 0.15015145624999998 0.7913163515625 0.054400028125 0.7328047062499999 0.041756290625 0.7306744296875001 0.050280157812500004 0.6697484515625 0.036641971875 0.6578189 0.08127481875 0.7198810124999999 0.0961915828125 0.7164725578125 0.10684641718750001 0.6548365046875 0.09249790937499999 0.6484539265625 0.11626953124999999 0.7099397140625 0.1295521125 0.7073833781250001 0.1363712046875 0.7660370375000001 0.15015145624999998
0 0.6979851765625 0 0.6938916125000001 0.0118735359375 0.7387694781249999 0.027074428125 0.743456090625 0.015993401562500002 0.7988433265625 0.033467331249999996 0.8126191390624999 0 0.6979851765625 0
0 1 0.1364336875 0.9385352390625 0.13657396875 0.9385352390625 0.142824803125 0.9303289265625001 0.14689453125000002 0.930014121875 0.1584518921875 0.9392453250000001 0.16356621093749998 0.9389612875 0.1838814265625 0.930156134375 0.18956400625 0.9302981578124999 0.2012132828125 0.9408075281249999 0.20945302500000001 1 0.20903208593749997 1 0.1364336875
0 1 0.21759136875 0.9484765375 0.2291071390625 0.9489025859375 0.2325166859375 0.9420476765625001 0.24064453125 0.948050478125 0.256525575 0.9562875578125001 0.25837241093749996 0.9612581984374999 0.2812447890625 0.9530211359375 0.2880638796875 0.9567136171874999 0.3011338171875 0.9663708703125 0.302838584375 0.9680750874999999 0.3065322578125 1 0.2992805984375 1 0.21759136875
0 1 0.3174714609375 0.9763859937499999 0.3301869171875 0.9820667390625 0.342120321875 0.9746817765625 0.3507862609375 0.9843390281250001 0.3665554078125 0.995416471875 0.3665554078125 1 0.3704394515625 1 0.3174714609375
0 0.5836718750000001 0.6196640625 0.537484375 0.6196640625 0.537484375 0.6595234375000001 0.5836718750000001 0.6595234375000001 0.5836718750000001 0.6196640625
0 0.64359375 0.746265625 0.615375 0.746265625 0.615375 0.776328125 0.64359375 0.776328125 0.64359375 0.746265625
0 0.643328125 0.7766093749999999 0.6150781249999999 0.7766093749999999 0.6150781249999999 0.8023281250000001 0.643328125 0.8023281250000001 0.643328125 0.7766093749999999
0 0.6396171875000001 0.85565625 0.6156640624999999 0.85565625 0.6156640624999999 0.8833125000000001 0.6396171875000001 0.8833125000000001 0.6396171875000001 0.85565625
0 0.639875 0.9058437500000001 0.61653125 0.9058437500000001 0.61653125 0.93690625 0.639875 0.93690625 0.639875 0.9058437500000001
0 0.6385625 0.9370468750000001 0.6171249999999999 0.9370468750000001 0.6171249999999999 0.961296875 0.6385625 0.961296875 0.6385625 0.9370468750000001
0 0.7870468749999999 0.8369921874999999 0.762109375 0.8369921874999999 0.762109375 0.8583828125 0.7870468749999999 0.8583828125 0.7870468749999999 0.8369921874999999
0 0.7870468749999999 0.8591640625 0.770578125 0.8591640625 0.770578125 0.8814609375 0.7870468749999999 0.8814609375 0.7870468749999999 0.8591640625
0 0.7878359374999999 0.7789375 0.7677578125 0.7789375 0.7677578125 0.8081875000000001 0.7878359374999999 0.8081875000000001 0.7878359374999999 0.7789375
0 0.7981796875 0.351265625 0.7064453125 0.351265625 0.7064453125 0.407640625 0.7981796875 0.407640625 0.7981796875 0.351265625
0 0.4255703125 0.8380234375000001 0.40374218749999996 0.8380234375000001 0.40374218749999996 0.8614140625 0.4255703125 0.8614140625 0.4255703125 0.8380234375000001
0 0.425375 0.87365625 0.40374999999999994 0.87365625 0.40374999999999994 0.8928437499999999 0.425375 0.8928437499999999 0.425375 0.87365625
0 0.424796875 0.8994296875 0.40289062500000006 0.8994296875 0.40289062500000006 0.9318828124999999 0.424796875 0.9318828124999999 0.424796875 0.8994296875
0 0.4011750296875 0.9500852734375 0.3599987796875 0.9500852734375 0.3599987796875 0.94305768125 0.29596162812500004 0.9425754218750001 0.29520960937499996 0.9858089140624999 0.4011750296875 0.9858089140624999 0.4011750296875 0.9500852734375
0 0.40390710781249994 0.829198859375 0.3607793703125 0.8282228 0.360584228125 0.822561678125 0.29813684218750003 0.822561678125 0.290721209375 0.8293940687499999 0.2909163515625 0.8430588468750001 0.2985271359375 0.8496960250000001 0.29813684218750003 0.86160390625 0.40332165781249996 0.8617991171874999 0.40390710781249994 0.829198859375
0 0.289550325 0.8904951453125 0.2977465328125 0.8965466921875 0.2977465328125 0.906112040625 0.2891600171875 0.9121635875 0.288964875 0.9240714640625001 0.2973562390625 0.931489490625 0.40332165781249996 0.9318799109375 0.402736209375 0.8990844359375 0.360584228125 0.8994748703125 0.360584228125 0.8932281062499999 0.4031265171875 0.8926424687500001 0.40332165781249996 0.86160390625 0.29832336718749997 0.8618468874999999 0.2985271359375 0.870193196875 0.2893551703125 0.8764399546874999 0.289550325 0.8904951453125
0 0.2968689046875 0.660938196875 0.2889155203125 0.6612223375 0.2889155203125 0.6751452421875 0.2970109234375 0.677986653125 0.2970109234375 0.6850901859375 0.28948361718750004 0.689778503125 0.28948361718750004 0.70199656875 0.29601675 0.7045538390625 0.2958747296875 0.711515296875 0.4028192875 0.7127939328124999 0.4028192875 0.686226746875 0.3563772234375 0.686084671875 0.3563772234375 0.6759976734375 0.40267724843749997 0.6761397375 0.4025352296875 0.6281199078124999 0.35623520468750003 0.62783576875 0.356093175 0.620732240625 0.296726875 0.6201639609375 0.296726875 0.6251364265625 0.289767675 0.6282619781250001 0.2896256453125 0.6413324640625 0.2968689046875 0.643889734375 0.2968689046875 0.660938196875
0 0.2970948640625 0.5896063500000001 0.2901359609375 0.5925897 0.2899939375 0.6082167875 0.296526790625 0.61077395 0.296384778125 0.6151779484375 0.3567426625 0.6154620765625001 0.35660064999999996 0.61020569375 0.4031827328125 0.61020569375 0.40289870624999996 0.5543743703125 0.3564586359375 0.5542323078125 0.3564586359375 0.5464187625 0.2939704546875 0.5457084375 0.2901726765625 0.55001953125 0.2899939375 0.5651712640625 0.2970948640625 0.5681546234375 0.2970948640625 0.5896063500000001
0 0.28911188593750003 0.4742650609375 0.3469134453125 0.475247203125 0.3467714328125 0.40913801875000005 0.3569967578125 0.40899595 0.357422815625 0.350749534375 0.35500849375 0.3508915984375 0.34861766250000004 0.3429359890625 0.33086534375 0.3429359890625 0.326746803125 0.3506074703125 0.310982746875 0.3506074703125 0.3075743015625 0.3432201171875 0.29209427187500003 0.343078053125 0.28868582656249997 0.350749534375 0.2831471046875 0.350749534375 0.2825790328125 0.4081927890625 0.2903900546875 0.4081927890625 0.28911188593750003 0.4742650609375
0 0.37123506562499997 0.475328559375 0.42463403906249997 0.47575475625 0.4250600984375 0.4096455609375 0.43258709375000004 0.4096455609375 0.4324450609375 0.3529249359375 0.4283265390625 0.353067 0.42335588125 0.34496932812500003 0.4095800875 0.34511139218750003 0.4046094296875 0.35320906406249997 0.3898395046875 0.35320906406249997 0.38501086875 0.3445431359375 0.370240934375 0.3445431359375 0.3645476765625 0.35205078125 0.3649862484375 0.408959853125 0.37123506562499997 0.408959853125 0.37123506562499997 0.475328559375
0 0.4458907890625 0.45763946093749996 0.5010734671875 0.4583600875 0.5012175421875 0.4233373109375 0.5085656281250001 0.4233373109375 0.5085656281250001 0.458504209375 0.53651716875 0.45864832968749997 0.53680531875 0.42376969531249997 0.54328891875 0.4239013359375 0.54314484375 0.35659420000000003 0.44128022031249997 0.355152934375 0.44084797656249997 0.422616684375 0.4460348640625 0.422616684375 0.4458907890625 0.45763946093749996
0 0.5526333328125 0.4596278515625 0.593676703125 0.4596278515625 0.5933926578125 0.42453793125 0.600067534375 0.42453793125 0.600209546875 0.4599119703125 0.615831590625 0.4599119703125 0.6159736046875001 0.424111734375 0.6202341765625 0.42396966562499994 0.6203761906249999 0.3604668671875 0.5493914265625001 0.35876953125 0.5487988374999999 0.424111734375 0.5529173593750001 0.42425380312499994 0.5526333328125 0.4596278515625
0 0.7902142890625 0.4788476640625 0.853184953125 0.48029240624999997 0.8534738000000001 0.4155677125 0.7916585656249999 0.41455639218749996 0.7916585656249999 0.42004643125 0.72954449375 0.418724021875 0.7286879109375 0.47292420156250004 0.7900698562499999 0.474224465625 0.7902142890625 0.4788476640625
0 0.8134672187499999 0.558201859375 0.8734048874999999 0.5595021234375 0.8739825984375 0.487842640625 0.8147670734375 0.48712026406250003 0.8149114953125001 0.49159898281250003 0.7524262390625001 0.49102398125 0.7516519859375 0.54982231875 0.8133227859375 0.5511225921875 0.8134672187499999 0.558201859375
0 0.8079789484375001 0.6055201968749999 0.8744158859375 0.6055201968749999 0.8744158859375 0.5676678046875 0.7662506265625 0.56491295 0.7662392265625 0.59916330625 0.8079789484375001 0.599307775 0.8079789484375001 0.6055201968749999
0 0.8196776343750001 0.6546791640625 0.8741270218749999 0.654534684375 0.8741270218749999 0.6475998984375 0.8810595687499999 0.6415319562499999 0.8810595687499999 0.627084484375 0.8735493109375 0.6233281328125 0.8735493109375 0.61278148125 0.7535385453125001 0.6132188562499999 0.75338511875 0.647022 0.8196776343750001 0.6461551453125 0.8196776343750001 0.6546791640625
0 0.8258880296875001 0.7256538203125 0.8784598609375 0.725509340625 0.8784598609375 0.7211751015625001 0.88337043125 0.7208861515625 0.8868366968749999 0.718141125 0.8869811390625 0.7093281671875 0.8832259890625 0.705138396875 0.8787487265625 0.7054273453125 0.8784598609375 0.6859232578125 0.8869811390625 0.6807221625000001 0.8871255609375 0.668441809375 0.8784598609375 0.6645409875 0.8784598609375 0.6610735937500001 0.8258880296875001 0.6612180734375 0.8258880296875001 0.6662746890625 0.7880200640624999 0.6661328921874999 0.7881922921875 0.71900798125 0.8258880296875001 0.7192969296875 0.8258880296875001 0.7256538203125
0 0.8786043031249999 0.7663012874999999 0.8822150109375 0.7663012874999999 0.8869811390625 0.762255996875 0.8869811390625 0.7462192921875 0.8825038562499999 0.7427518984375 0.878171015625 0.7426074203125 0.8780265921874999 0.737550803125 0.8260324718750001 0.7374063343749999 0.8260324718750001 0.7486753609375 0.7880200640624999 0.7492381203125 0.7879034359375 0.7790150687499999 0.8784598609375 0.7797374453125 0.8786043031249999 0.7663012874999999
0 0.82531031875 0.8160631828125 0.8784598609375 0.816207653125 0.8786043031249999 0.8115844640625 0.8838037203125 0.8108620875 0.887703271875 0.8073946937500001 0.8878476953125001 0.7938140687499999 0.8842369874999999 0.791358 0.8787487265625 0.7907800921875 0.8786043031249999 0.7799444890625 0.7875433609375 0.778952609375 0.7877590140625 0.8084060203125001 0.8254547609375 0.80869496875 0.82531031875 0.8160631828125
0 0.8787487265625 0.8504982406250001 0.8878476953125001 0.8442858203125001 0.8878476953125001 0.8302717718749999 0.8790375921875 0.8250706765625001 0.82487703125 0.8250706765625001 0.8247326078125001 0.8367731359375 0.7873844609375 0.8366336750000001 0.7873257265625 0.8584443531250001 0.8786043031249999 0.8606114734375 0.8787487265625 0.8504982406250001
0 0.823288321875 0.8928293421875001 0.8787487265625 0.8935517187500001 0.8787487265625 0.8915290671875 0.8878476953125001 0.8869058796875 0.8878476953125001 0.8746255265625 0.8784598609375 0.8700023296875001 0.8784598609375 0.8600335765624999 0.7873844609375 0.8585620140625 0.78761458125 0.8815603140625001 0.823288321875 0.8819937328125 0.823288321875 0.8928293421875001
0 0.8787057484374999 0.9271069765625001 0.8882209890625001 0.9228450468749999 0.8882209890625001 0.9077862140624999 0.8789897953124999 0.9012512515625 0.8243126437500001 0.9012512515625 0.8243126437500001 0.913184665625 0.7849735 0.9133267249999999 0.784831478125 0.9377618109375 0.8787057484374999 0.9387562640624999 0.8787057484374999 0.9271069765625001
0 0.8236025390625 0.97202395 0.8784217218749999 0.9717398218750001 0.8876529156249999 0.9646366015625001 0.887510903125 0.9535555718750001 0.8788477625000001 0.9492936421874999 0.8787057484374999 0.9392070640625001 0.7850164265624999 0.93830078125 0.7851155140625 0.9644945328125001 0.8237445718749999 0.9642104046875 0.8236025390625 0.97202395
0 0.879703125 0.9818984374999999 0.8237656250000001 0.9818984374999999 0.8237656250000001 0.9859453125 0.879703125 0.9859453125 0.879703125 0.9818984374999999
0 0.0484522125 0.5976612609374999 0.107958 0.5989398421875001 0.107958 0.5942517140625 0.11633709375000001 0.5941096453125 0.11633709375000001 0.5750730109375 0.107958 0.5750730109375 0.10767395312500001 0.5637078578125 0.015016426562499999 0.56220703125 0.014651790625 0.5874326140624999 0.048594226562499995 0.5880008796875 0.0484522125 0.5976612609374999
0 0.0471740453125 0.6422941046874999 0.10696386718749999 0.6422941046874999 0.10696386718749999 0.6384583625 0.11520094843749999 0.63860043125 0.1153429609375 0.619563796875 0.1078159671875 0.6194217281250001 0.10767395312500001 0.60834070625 0.013610176562500001 0.60783203125 0.0135156453125 0.6346226203125 0.0471740453125 0.6347646890624999 0.0471740453125 0.6422941046874999
0 0.0460379 0.6877916453124999 0.10511761718749998 0.6882178328124999 0.10511761718749998 0.683387646875 0.11363874375 0.683387646875 0.11363874375 0.6663399078125 0.105827721875 0.6660557796875 0.105827721875 0.6554009453125 0.0128289265625 0.65376953125 0.013231609375 0.6802622281249999 0.0458958765625 0.6811146124999999 0.0460379 0.6877916453124999
0 0.0453278046875 0.7305899546875 0.1031293546875 0.731868534375 0.1031293546875 0.726328025 0.112360565625 0.7261859562499999 0.112218553125 0.7102747390624999 0.10426551875000001 0.7101326796875 0.10412348593750001 0.7007564265624999 0.0118914265625 0.6993945312500001 0.01181141875 0.72249228125 0.0453278046875 0.722776409375 0.0453278046875 0.7305899546875
0 0.0426294546875 0.7769275765625 0.1018511953125 0.7777799609375 0.1018511953125 0.773802159375 0.10937817187500001 0.773802159375 0.10952020312499999 0.754339328125 0.1022772546875 0.75419726875 0.1022772546875 0.7415535281250001 0.011735176562500001 0.74048828125 0.0112433453125 0.7684037078125 0.0426294546875 0.7695402296875 0.0426294546875 0.7769275765625
0 0.10043100468749999 0.81548856875 0.1083840390625 0.8093798015625 0.10724789374999999 0.7899169703125 0.10241926875 0.7863653562499999 0.0422033953125 0.785512971875 0.0422033953125 0.7995773515625 0.0100164265625 0.79970703125 0.010249214062500001 0.8291267515625 0.10043100468749999 0.8304053328125001 0.10043100468749999 0.81548856875
0 0.040925228125000004 0.8699484749999999 0.0988688 0.8706588 0.0988688 0.8668230578125 0.10639579531250001 0.8594357109375 0.10639579531250001 0.84466100625 0.0987267875 0.8388363671875 0.0988688 0.8296021734375 0.0101726765625 0.82939453125 0.009965178125 0.8574468046874999 0.0407832140625 0.8574468046874999 0.040925228125000004 0.8699484749999999
0 0.0963124640625 0.9093372390625 0.104833590625 0.9020919609375 0.1045495453125 0.886891059375 0.0985847734375 0.8820608734375 0.0397890828125 0.8810664203125 0.0399310953125 0.8937101500000001 0.0086101765625 0.89376953125 0.008402973437499999 0.9221230374999999 0.0963124640625 0.92297543125 0.0963124640625 0.9093372390625
0 0.039221009375 0.9647423640625 0.09588640468750001 0.9658788953125 0.0957443921875 0.9574970859375 0.10412348593750001 0.9509621218750001 0.103981471875 0.9371818703124999 0.0968805375 0.9316413593749999 0.096596509375 0.923117490625 0.0074088421875000005 0.9212706546874999 0.0075508640625 0.95366134375 0.039505046875 0.953377215625 0.039221009375 0.9647423640625
0 0.0941294421875 0.977701934375 0.038316146875 0.977133678125 0.0384581609375 0.9831003859375 0.001817375 0.9829583171875 0.0017351765625 0.9859570312500001 0.10123037812499999 0.98579960625 0.0944134703125 0.9818218046875 0.0941294421875 0.977701934375