0 0.0047108625 0 0.0044384078125 0.0414336234375 0.1215644578125 0.0434022828125 0.12157990468749999 0.0362887796875 0.12989061875000002 0.0315396921875 0.13048424218750002 0.019666975 0.121975653125 0.0141263734375 0.121975653125 0 0.0047108625 0
0 0.32290878749999996 0 0.3229903078125 0.013136776562499999 0.38729940625000003 0.012938896875 0.38729940625000003 0.0095749609375 0.42863261406250003 0.009371534375 0.42883959843749997 0 0.32290878749999996 0
0 0.322396684375 0.0184794984375 0.322396684375 0.09446489375 0.3857164125 0.09446489375 0.3857164125 0.0891221703125 0.42883046875 0.08890851718750001 0.428655103125 0.025207371875000002 0.38729940625000003 0.0246137359375 0.38729940625000003 0.0194688921875 0.322396684375 0.0184794984375
0 0.3216051875 0.1023722546875 0.32022006875 0.18033643593749998 0.38452916875 0.1807321921875 0.3847270421875 0.17815977031250002 0.427467859375 0.1783576484375 0.42685193593750004 0.1781403078125 0.427467859375 0.11008952187500001 0.3861121609375 0.1094958859375 0.386507909375 0.10296589062499999 0.3216051875 0.1023722546875
0 0.13316814375 0.229175953125 0.125704659375 0.22528187187499998 0.125217909375 0.20646048281249998 0.13381714375 0.2017551359375 0.13381714375 0.18812585312500002 0.1250556609375 0.1821224796875 0.125217909375 0.179039665625 0.06096703437499999 0.179039665625 0.060804784375 0.1897483875 0.02364960625 0.18991064062500002 0.023325107812500002 0.2369641140625 0.06096703437499999 0.2369641140625 0.06096703437499999 0.2475105828125 0.12471507500000001 0.24765739843749998 0.12489341093749999 0.2441032625 0.13316814375 0.240046928125 0.13316814375 0.229175953125
0 0.1325191453125 0.257235146875 0.125542409375 0.25382782656249997 0.060804784375 0.253016559375 0.060804784375 0.259344440625 0.0234873578125 0.25966894687500003 0.0234873578125 0.27703005625 0.1245528421875 0.2779948765625 0.1242444125 0.2728114703125 0.13235689687500002 0.268106121875 0.1325191453125 0.257235146875
0 0.1344661421875 0.28498047187500003 0.1245689109375 0.28173540468749997 0.1244066609375 0.27735456406250003 0.02364960625 0.27703005625 0.02364960625 0.2971494734375 0.06096703437499999 0.2969872203125 0.06096703437499999 0.306884675 0.12487730781249999 0.30638556562499997 0.125217909375 0.30282834062499997 0.1344661421875 0.29812299375 0.1344661421875 0.28498047187500003
0 0.059601562500000003 0.40044531250000004 0.0178984375 0.40044531250000004 0.0178984375 0.4263671875 0.059601562500000003 0.4263671875 0.059601562500000003 0.40044531250000004
0 0.10334375 0.400796875 0.058750000000000004 0.400796875 0.058750000000000004 0.42739062499999997 0.10334375 0.42739062499999997 0.10334375 0.400796875
0 0.059260925 0.5142190328125 0.059089321875 0.6128927531249999 0.0733323375 0.612549540625 0.0784804140625 0.6197570125 0.0932382375 0.61992861875 0.0982147125 0.6130643609375 0.10334606718749999 0.612875103125 0.103362790625 0.5488835390625 0.089119775 0.5488835390625 0.089291378125 0.5143906390625 0.059260925 0.5142190328125
0 0.05960412968749999 0.6132359671875001 0.059260925 0.5143906390625 0.028029254687499998 0.5143906390625 0.028029254687499998 0.5481971140625 0.017561496875 0.5481971140625 0.017218290625 0.612377934375 0.02116515 0.612549540625 0.027505756250000003 0.6199100640624999 0.04227226875 0.6194138 0.047935154687499995 0.6132359671875001 0.05960412968749999 0.6132359671875001
0 0.3599296875 0.44094531249999996 0.3073515625 0.44094531249999996 0.3073515625 0.46136718749999994 0.3599296875 0.46136718749999994 0.3599296875 0.44094531249999996
0 0.3394987578125 0.6126966859375 0.3395153375 0.48717483437500003 0.306662303125 0.48740950468750005 0.306662303125 0.6117845265625 0.3394987578125 0.6126966859375
0 0.3395153375 0.48740950468750005 0.3399846671875 0.5965309859375 0.345616615625 0.59676565625 0.3528912171875 0.606621790625 0.363451121875 0.6063871203125 0.3716643796875 0.5962963171875 0.37586790937500003 0.5967411874999999 0.37471501875 0.54490361875 0.364859109375 0.54490361875 0.3643897796875 0.48740950468750005 0.3395153375 0.48740950468750005
0 0.85848578125 0.5717015421875 0.8580004015625 0.5362680359375 0.808249 0.536025340625 0.8080063109375001 0.5714588468749999 0.7973279609375 0.5714588468749999 0.7973279609375 0.5357826453125 0.7422373859375 0.536025340625 0.7422373859375 0.5721869328125 0.7335005546875 0.572429628125 0.7339859343749999 0.53553995 0.702193575 0.53553995 0.7012228171875 0.6275214515624999 0.927861584375 0.6265260828125 0.9276523624999999 0.536025340625 0.8689214406250001 0.5362680359375 0.8689214406250001 0.5714588468749999 0.85848578125 0.5717015421875
0 0.75753125 0.487 0.71359375 0.487 0.71359375 0.5059375 0.75753125 0.5059375 0.75753125 0.487
0 0.8254765624999999 0.48674999999999996 0.7829921875 0.48674999999999996 0.7829921875 0.50690625 0.8254765624999999 0.50690625 0.8254765624999999 0.48674999999999996
0 0.8871249999999999 0.4879609375 0.8509375 0.4879609375 0.8509375 0.5064140625 0.8871249999999999 0.5064140625 0.8871249999999999 0.4879609375
0 0.8016963765625 0.43629031874999996 0.8016963765625 0.46978226406249995 0.9111177640625 0.47146375 0.91090676875 0.4321645 0.852903915625 0.431679109375 0.8531466062499999 0.4365330140625 0.8016963765625 0.43629031874999996
0 0.8531466062499999 0.4314364140625 0.9113921484375 0.4319218046875 0.911360428125 0.3591102921875 0.8021817562500001 0.35814244687499996 0.8019390671875 0.42706790000000006 0.852903915625 0.42731059531250004 0.8531466062499999 0.4314364140625
0 0.9162459437500001 0.2559900203125 0.9075091125 0.24870916250000003 0.852175846875 0.24798107656249999 0.852175846875 0.25987314375000004 0.81892735 0.2596304484375 0.8186846593749999 0.286569621875 0.90796313125 0.28655373906250003 0.9075091125 0.276376421875 0.916003253125 0.268367478125 0.9162459437500001 0.2559900203125
0 0.917216703125 0.29821899375 0.9077518015624999 0.29263700312499996 0.9077518015624999 0.2868123171875 0.8191700390625 0.286569621875 0.81892735 0.3103537578125 0.852175846875 0.3103537578125 0.8526612265625 0.32151773906250003 0.9072351390625 0.3217400265625 0.9077518015624999 0.3181200046875 0.917216703125 0.3113245375 0.917216703125 0.29821899375
0 0.8189296875000001 0.259625 0.7968203125 0.259625 0.7968203125 0.2868125 0.8189296875000001 0.2868125 0.8189296875000001 0.259625
0 0.8189296875000001 0.28704687500000003 0.7970703125 0.28704687500000003 0.7970703125 0.310328125 0.8189296875000001 0.310328125 0.8189296875000001 0.28704687500000003
0 0.8189296875000001 0.205515625 0.7961015625 0.205515625 0.7961015625 0.232921875 0.8189296875000001 0.232921875 0.8189296875000001 0.205515625
0 0.8186875 0.17978906249999999 0.79609375 0.17978906249999999 0.79609375 0.2055234375 0.8186875 0.2055234375 0.8186875 0.17978906249999999
0 0.916003253125 0.2171715078125 0.9077518015624999 0.2118322125 0.9077518015624999 0.2055221359375 0.8184419703125 0.2055221359375 0.81892735 0.2329467 0.852175846875 0.2331893953125 0.852175846875 0.239499471875 0.9077204671875 0.23947691093749998 0.9077518015624999 0.2363444328125 0.916003253125 0.2310051375 0.916003253125 0.2171715078125
0 0.81892735 0.20576483125 0.9075091125 0.20600752656250002 0.9070237328124999 0.195814325 0.9162459437500001 0.1887761625 0.9164886328125 0.17882565781249998 0.9070237328124999 0.1708167140625 0.9067810421875 0.16863245625 0.8521503984375001 0.168133678125 0.8524185359375 0.1797964390625 0.8191700390625 0.1797964390625 0.81892735 0.20576483125
0 0.8186953125 0.098734375 0.7975546875 0.098734375 0.7975546875 0.127140625 0.8186953125 0.127140625 0.8186953125 0.098734375
0 0.8189062500000001 0.1259296875 0.7968437500000001 0.1259296875 0.7968437500000001 0.1550390625 0.8189062500000001 0.1550390625 0.8189062500000001 0.1259296875
0 0.9062956625 0.0858797390625 0.8512050875 0.0858797390625 0.8512050875 0.099227978125 0.81965541875 0.09898528281249999 0.8191700390625 0.1268952375 0.906992475 0.1273661171875 0.9072664218750001 0.1150031703125 0.9157605640625001 0.10893578906250001 0.9157605640625001 0.09267520625 0.9062956625 0.0858797390625
0 0.9150324953125001 0.139515390625 0.9062956625 0.1317491421875 0.9062956625 0.1266525421875 0.81892735 0.1261671515625 0.8191700390625 0.154562496875 0.8519331578125 0.154562496875 0.8519331578125 0.1608725734375 0.9062644828125 0.16085375625 0.9067810421875 0.1569894484375 0.9150324953125001 0.15310632500000002 0.9150324953125001 0.139515390625
0 0.8516904671875001 0.0858892859375 0.9067810421875 0.0854038953125 0.9070237328124999 0.0824915515625 0.9162459437500001 0.0764241703125 0.9157605640625001 0.061619760937500004 0.906538353125 0.054338903125000004 0.9067810421875 0.0465726546875 0.8123534921875001 0.04583099375 0.81164665625 0.0732691328125 0.8514477781249999 0.073511828125 0.8516904671875001 0.0858892859375
0 0.9060529734375 0.040262578125 0.9164886328125 0.032981720312500004 0.9167313234375 0.01647844375 0.9062956625 0.0108964515625 0.9062956625 0.008469500000000001 0.852175846875 0.008954890625 0.8524185359375 0.021332348437500002 0.8133241484375 0.0213219234375 0.8121320359374999 0.046329959375 0.9062956625 0.0465726546875 0.9060529734375 0.040262578125
0 0.8133315328125 0 0.8133241484375 0.0079754015625 0.9060529734375 0.0082268046875 0.9062956625 0.002887509375 0.910800075 0 0.8133315328125 0
0 0 0.8201303187500001 0.006647321874999999 0.8201303187500001 0.097252690625 0.81968725 0.097252690625 0.8139273656249999 0.097252690625 0.777152715625 0 0.7769534218749999 0 0.8201303187500001
0 0 0.8503601453125 0.0057612046875 0.852695821875 0.059149700000000006 0.852695821875 0.059149700000000006 0.8436129265625001 0.0972317140625 0.8433791718749999 0.097252690625 0.8192441828125 0.005982734375 0.8194657171875 0.005982734375 0.8316500890625 0 0.8343266359375001 0 0.8503601453125
0 0 0.9218449484375 0.006647321874999999 0.9249130140625 0.0598142859375 0.9255776156250001 0.059592757812499994 0.914722446875 0.09856074687500001 0.9158114906250001 0.098581865625 0.8715233109374999 0.05892817031249999 0.8713017765625001 0.05892817031249999 0.8604466093750001 0.0064257921874999995 0.85978200625 0 0.86354353125 0 0.8786434249999999 0.006647321874999999 0.8814923421874999 0.0062042640625 0.90541801875 0 0.9079333171874999 0 0.9218449484375
0 0 1 0.0602573453125 1 0.0602573453125 0.9977860921874999 0.09900375781250001 0.9977685468749999 0.098581865625 0.943953321875 0.0598142859375 0.943953321875 0.059592757812499994 0.9324335515625 0.0070903796875 0.9322120171874999 0 0.9367084578125 0 0.952101228125 0.0079764953125 0.955916159375 0.0077549671875000005 0.9827217781250001 0 0.98567611875 0 1
0 0.194046209375 0.7842408078124999 0.1796468234375 0.7842408078124999 0.176766946875 0.789336090625 0.1594876828125 0.789557625 0.1597092125 0.9029830515624999 0.1922575984375 0.90252115625 0.192273978125 0.844498065625 0.1969260875 0.8447196 0.1967045578125 0.7882284203125 0.194046209375 0.7842408078124999
0 0.2113254734375 0.7844623421875 0.20667336406249998 0.7908868296875 0.20689489375 0.8453842015624999 0.21708522812500003 0.8453842015624999 0.217749815625 0.9025399828125 0.24386839375 0.903407178125 0.24366871093750003 0.7906652953125 0.2328137890625 0.7904437609375 0.2266109765625 0.7842408078124999 0.2113254734375 0.7844623421875
0 0.271138309375 0.7844623421875 0.25651739375 0.7846838765624999 0.252529871875 0.7908868296875 0.24366871093750003 0.7911083624999999 0.24411176874999999 0.9032045859375 0.2704490609375 0.90252115625 0.27025219375 0.8458272703124999 0.2782272375 0.8456057359375 0.278005709375 0.79155143125 0.271138309375 0.7844623421875
0 0.2930696828125 0.78512694375 0.28753145625 0.791772965625 0.28753145625 0.8456057359375 0.299050965625 0.8453842015624999 0.2992724953125 0.9032045859375 0.3267114734375 0.9038501906249999 0.3265205640625 0.7906652953125 0.3087982421875 0.7906652953125 0.303481546875 0.78512694375 0.2930696828125 0.78512694375
0 0.3626297953125 0.791772965625 0.3579776859375 0.7849054093750001 0.34224912500000004 0.7849054093750001 0.3393692484375 0.7908868296875 0.3265205640625 0.791329896875 0.3265205640625 0.9029830515624999 0.357279240625 0.9029641671874999 0.35709156875 0.8458272703124999 0.36617425937500003 0.8458272703124999 0.3663957890625 0.791772965625 0.3626297953125 0.791772965625
0 0.3796875296875 0.7846838765624999 0.37392777499999996 0.7919945 0.374813890625 0.8464918718750001 0.3896563359375 0.8464918718750001 0.39032092343749997 0.9034261203125 0.41664273124999995 0.903407178125 0.417125934375 0.791772965625 0.398517496875 0.79155143125 0.39275774218750004 0.7849054093750001 0.3796875296875 0.7846838765624999
0 0.44695646250000004 0.79155143125 0.440975178125 0.7844623421875 0.42436050156249994 0.7846838765624999 0.417493103125 0.7922160328125 0.416163928125 0.9034261203125 0.44294784531250003 0.903628684375 0.4427474109375 0.8462703375 0.4518301 0.8464918718750001 0.4520516296875 0.791329896875 0.44695646250000004 0.79155143125
0 0.464014196875 0.7822470015625 0.460912790625 0.791329896875 0.4604697328125 0.8573470406249999 0.47575523437499995 0.8577901078125001 0.476419821875 0.9142812875 0.5009823015625 0.9142609515625001 0.501231071875 0.7902222265625001 0.4912622671875 0.7902222265625001 0.48572404062499996 0.7820254671875 0.464014196875 0.7822470015625
0 0.5306944328125 0.7820254671875 0.5067692984375001 0.7822470015625 0.50654776875 0.7908868296875 0.5014526015625 0.7906652953125 0.5010095437500001 0.914059753125 0.524461890625 0.9147039625 0.5244916203125001 0.8582331765625 0.5351250125 0.8582331765625 0.5355680703125001 0.791329896875 0.5306944328125 0.7820254671875
0 0.578515625 0.775828125 0.5357968750000001 0.775828125 0.5357968750000001 0.884140625 0.578515625 0.884140625 0.578515625 0.775828125
0 0.578171875 1 0.578171875 0.9804921875 0.535171875 0.9804921875 0.535171875 1 0.578171875 1
0 0.5353515625 1 0.5353515625 0.9883046875 0.49986718750000003 0.9883046875 0.49986718750000003 1 0.5353515625 1
0 0.5000390625 1 0.5000390625 0.9886171875 0.4595546875 0.9886171875 0.4595546875 1 0.5000390625 1
0 0.799250078125 0.8658134953125 0.8064383390625001 0.865657225 0.8064383390625001 0.790803853125 0.7761145828125 0.7909583328124999 0.7767476953125 0.9001929140625 0.799250078125 0.9000366453125 0.799250078125 0.8658134953125
0 0.8155017984375 0.8659697656249999 0.8159705984375 0.900349184375 0.8343958328125 0.9004895828124999 0.834253784375 0.7903350437500001 0.80565700625 0.7901787734375 0.80659460625 0.8661260359374999 0.8155017984375 0.8659697656249999
0 0.8345663171875 0.7901787734375 0.8344100515624999 0.900349184375 0.8522083328125 0.9003333328125 0.852068171875 0.865188415625 0.8623817640624999 0.865188415625 0.8625380296875 0.7903350437500001 0.8345663171875 0.7901787734375
0 0.892697475 0.7904913125 0.8623817640624999 0.7904913125 0.8623817640624999 0.8995678343750001 0.8892395828125 0.8993958328125 0.8889470765624999 0.8655009546875 0.8934788078125001 0.8655009546875 0.892697475 0.7904913125
0 0.8931662734374999 0.8658134953125 0.90066706875 0.8658134953125 0.900823334375 0.8995678343750001 0.9436145828125 0.8989270828124999 0.943952903125 0.7898662328125 0.8931662734374999 0.790022503125 0.8931662734374999 0.8658134953125
0 0.982849653125 0.7990849421874999 0.9764427250000001 0.7917402484375 0.96222246875 0.7917402484375 0.9562843390625 0.800335103125 0.943783015625 0.8004913734375 0.94268915 0.9081614640625 0.9678333328125 0.9078333328125 0.9670667312499999 0.8658122703125001 0.9830059203125 0.8656560000000001 0.982849653125 0.7990849421874999
0 1 0.7914277078125 0.993944578125 0.7914277078125 0.98800645 0.798772403125 0.9826933859375 0.798772403125 0.9826933859375 0.8656560000000001 0.9900379140625001 0.8656560000000001 0.9900379140625001 0.9078489234375 1 0.9076303875 1 0.7914277078125
0 0.9828828125 1 0.9828828125 0.9815546875000001 0.9434609375 0.9815546875000001 0.9434609375 1 0.9828828125 1
0 1 1 1 0.9819765625000001 0.9828828125 0.9819765625000001 0.9828828125 1 1 1