0 0.45562500000000006 0.808828125 0.42865624999999996 0.808828125 0.42865624999999996 0.829484375 0.45562500000000006 0.829484375 0.45562500000000006 0.808828125
0 0.47219531249999996 0.8278515625 0.4282421875 0.8278515625 0.4282421875 0.9182421875 0.47219531249999996 0.9182421875 0.47219531249999996 0.8278515625
0 0.7260444328125 0.9507471328125 0.6619936296875 0.92847709375 0.6484292640625 0.9658301015624999 0.7139325249999999 0.987589146875 0.7260444328125 0.9507471328125
0 0.7042924140625 0.9930289078125 0.6008044984375001 0.9592076359374999 0.58589224375 0.999952234375 0.7013262390625 0.999952234375 0.7042924140625 0.9930289078125
0 0.762133015625 0.78520043125 0.7646048109375 0.778277103125 0.77325623125 0.77728805 0.779682928125 0.7592379390625 0.773009025 0.7570125812499999 0.7824019296875 0.732039134375 0.776963925 0.7295665140625001 0.773009025 0.721654134375 0.7643576390625 0.7186869921875 0.75817808125 0.7243740140625 0.739145065625 0.7184397312499999 0.7008827234375 0.8224159312499999 0.735190165625 0.83539459375 0.75422318125 0.782233296875 0.762133015625 0.78520043125
0 0.3006874265625 0.77579139375 0.192264015625 0.736683696875 0.191742865625 0.7908519328125 0.3006874265625 0.7908519328125 0.3006874265625 0.77579139375
0 0.298966940625 0.8250794859375 0.2582076140625 0.8249374171875001 0.2582076140625 0.814282584375 0.3006711765625 0.81470878125 0.3006874265625 0.7921069875 0.1915738328125 0.791668246875 0.19074879375 0.849397115625 0.298966940625 0.850107440625 0.298966940625 0.8250794859375
0 0.25692944687499997 0.9322945234375 0.297120709375 0.9321524546875001 0.298114840625 0.8859569 0.25692944687499997 0.8859569 0.25692944687499997 0.8738814265625001 0.2983988671875 0.8735972984375 0.29854088125 0.8498725328125 0.1903289265625 0.8495507812499999 0.1896126484375 0.9386874171875 0.2567874328125 0.9386874171875 0.25692944687499997 0.9322945234375
0 0.3313515625 0.9214218750000001 0.2967421875 0.9214218750000001 0.2967421875 0.946203125 0.3313515625 0.946203125 0.3313515625 0.9214218750000001
0 0.296268590625 1 0.296268590625 0.9823627328125 0.2553672421875 0.9823627328125 0.25508320625 0.9727023515625 0.2969786765625 0.9721340953125001 0.2969786765625 0.947130753125 0.1898601765625 0.9476757812500001 0.189754671875 1 0.296268590625 1
0 0.9540449296875 0.8734244562500001 0.9366646578125 0.867607975 0.9234642687499999 0.9042259406250001 0.953412221875 0.91625118125 0.9540449296875 0.8734244562500001
0 0.9538340218749999 0.91582924375 0.940609253125 0.9114625953125 0.9302131093750001 0.941356509375 0.953412221875 0.9500062375 0.9538340218749999 0.91582924375
0 0.788119740625 0.4490303671875 0.8141102515625 0.449598646875 0.8142522703124999 0.4136548078125 0.7874096140625 0.4136548078125 0.7874096140625 0.4217528265625 0.7678102171875001 0.42189490156250004 0.7678102171875001 0.44050613437499997 0.7879777203125 0.4407902734375 0.788119740625 0.4490303671875
0 0.787546875 0.402375 0.768171875 0.402375 0.768171875 0.42175 0.787546875 0.42175 0.787546875 0.402375