0 0 0.072171875 0.0168125 0.072171875 0.0168125 0.043390625 0 0.043390625 0 0.072171875
0 0 0.0975859375 0.017 0.0975859375 0.017 0.0724140625 0 0.0724140625 0 0.0975859375
0 0 0.104421875 0.017 0.104421875 0.017 0.097765625 0 0.097765625 0 0.104421875
0 0.1333227765625 0.1047243609375 0.1997928296875 0.1047243609375 0.20383602500000003 0.102297665625 0.20383602500000003 0.08547255625 0.1954261921875 0.0806191640625 0.1952644703125 0.062499820312499996 0.2048063984375 0.05910244218750001 0.2046446765625 0.044704034375 0.201571834375 0.04082131875 0.19655828749999998 0.04082131875 0.19655828749999998 0.0375857203125 0.1338079625 0.0371003828125 0.1338079625 0.0474542953125 0.096678403125 0.047463715625 0.0966106125 0.1013269890625 0.13348451875 0.1013269890625 0.1333227765625 0.1047243609375
0 0.9557578124999999 0.0368984375 0.9085234375000001 0.0368984375 0.9085234375000001 0.08560156249999999 0.9557578124999999 0.08560156249999999 0.9557578124999999 0.0368984375
0 0.9564843749999999 0.085234375 0.874484375 0.085234375 0.874484375 0.129296875 0.9564843749999999 0.129296875 0.9564843749999999 0.085234375
0 0.6784687500000001 0 0.6784687500000001 0.009984375 0.694625 0.009984375 0.694625 0 0.6784687500000001 0
0 0.6671646234375 0.053652409375 0.6585433453125 0.053652409375 0.6585433453125 0.01235645 0.6344190890625 0.012464496875 0.6341716749999999 0.104567515625 0.6669988250000001 0.104567515625 0.6671646234375 0.053652409375
0 0.7115973296875 0.053320715625 0.7039708109375 0.053320715625 0.7043024078125 0.010697978125 0.6781969078125 0.010640421875 0.6772780359375 0.1047333578125 0.7117631171875 0.1047333578125 0.7115973296875 0.053320715625
0 0.737744790625 0.11162853125000001 0.7536030734375 0.11130805937499999 0.7572873140625 0.1053793140625 0.7624132296874999 0.1053793140625 0.7625734078125 0.053302487499999995 0.7494382734375 0.053302487499999995 0.7495984515624999 0.010519368749999999 0.724029 0.0105272859375 0.7233281609375 0.10553954531250001 0.73390035 0.10553954531250001 0.737744790625 0.11162853125000001
0 0.8026195703125 0.053302487499999995 0.7930084984375 0.053302487499999995 0.7930084984375 0.0297477328125 0.770907903125 0.029560826562499996 0.770582628125 0.1048986015625 0.8022991906250001 0.1048986015625 0.8026195703125 0.053302487499999995
0 0.84042314375 0.10009151406250001 0.854359215625 0.10009151406250001 0.8575628984374999 0.09272064062499999 0.8626888140625001 0.0928808703125 0.8628489921875 0.010359132812500001 0.8407435218750001 0.010359132812500001 0.8407435218750001 0.035035539062499996 0.8281847609374999 0.0350241578125 0.828409303125 0.09320134218750001 0.8360981656250001 0.09320134218750001 0.84042314375 0.10009151406250001
0 0.958734375 0.2790859375 0.938140625 0.2790859375 0.938140625 0.3029140625 0.958734375 0.3029140625 0.958734375 0.2790859375
0 0.959296875 0.303296875 0.9379843749999999 0.303296875 0.9379843749999999 0.325640625 0.959296875 0.325640625 0.959296875 0.303296875
0 0.9588828125 0.34283593749999997 0.9379921875000001 0.34283593749999997 0.9379921875000001 0.36428906250000004 0.9588828125 0.36428906250000004 0.9588828125 0.34283593749999997
0 0.959296875 0.364390625 0.938140625 0.364390625 0.938140625 0.38473437499999996 0.959296875 0.38473437499999996 0.959296875 0.364390625
0 0.8485703125 0.48470312499999996 0.8012734375000001 0.48470312499999996 0.8012734375000001 0.5296406250000001 0.8485703125 0.5296406250000001 0.8485703125 0.48470312499999996
0 0.870578125 0.49907812500000004 0.848453125 0.49907812500000004 0.848453125 0.529921875 0.870578125 0.529921875 0.870578125 0.49907812500000004
0 0.66578125 0.48948437499999997 0.61409375 0.48948437499999997 0.61409375 0.527640625 0.66578125 0.527640625 0.66578125 0.48948437499999997
0 0.7070624999999999 0.49837499999999996 0.6658125 0.49837499999999996 0.6658125 0.52778125 0.7070624999999999 0.52778125 0.7070624999999999 0.49837499999999996
0 0.7525859374999999 0.498203125 0.7071640625 0.498203125 0.7071640625 0.528515625 0.7525859374999999 0.528515625 0.7525859374999999 0.498203125
0 0.8014921875000001 0.498703125 0.7524140625 0.498703125 0.7524140625 0.529109375 0.8014921875000001 0.529109375 0.8014921875000001 0.498703125
0 0.6817968750000001 0.5630078125 0.6153906250000001 0.5630078125 0.6153906250000001 0.6143984375 0.6817968750000001 0.6143984375 0.6817968750000001 0.5630078125
0 0.7803515625 0.5643046875 0.6818046875 0.5643046875 0.6818046875 0.5969140625 0.7803515625 0.5969140625 0.7803515625 0.5643046875
0 0.8211796874999999 0.564953125 0.7805390625 0.564953125 0.7805390625 0.596765625 0.8211796874999999 0.596765625 0.8211796874999999 0.564953125
0 0.643015625 0.7509453125000001 0.615703125 0.7509453125000001 0.615703125 0.8001484375000001 0.643015625 0.8001484375000001 0.643015625 0.7509453125000001
0 0.6487578125 0.8000703124999999 0.6155546875 0.8000703124999999 0.6155546875 0.9207109375 0.6487578125 0.9207109375 0.6487578125 0.8000703124999999
0 0.6359765625 1 0.6359765625 0.9209375 0.6139296875 0.9209375 0.6139296875 1 0.6359765625 1
0 0.8493651359375001 0.763058240625 0.8620047843749999 0.763058240625 0.8654132203125 0.7556708921874999 0.86995781875 0.7556708921874999 0.8698158062499999 0.680457271875 0.8539097171875 0.6805993406249999 0.85405175 0.643094328125 0.8278289265625001 0.64314453125 0.8282043625 0.7552446953125 0.842548246875 0.7552446953125 0.8493651359375001 0.763058240625
0 0.749100025 0.75496056875 0.817979028125 0.75496056875 0.8174109546875 0.6925696703125 0.812014246875 0.692711734375 0.812014246875 0.66216788125 0.7551726765625 0.66189453125 0.754638746875 0.6923101546875 0.749100025 0.6924522171875 0.749100025 0.75496056875
0 0.749662775 0.692246121875 0.7438400078125 0.69238818125 0.7438400078125 0.6615602 0.7083353671875 0.6615602 0.7081933499999999 0.7549088375 0.7493787390625 0.7548160015625001 0.749662775 0.692246121875
0 0.7863975265625001 0.835744115625 0.8449091718749999 0.83560205625 0.8447671578125 0.8317663140624999 0.8534302984375 0.826936128125 0.8534302984375 0.8165654218749999 0.8450512031249999 0.8111669703125 0.8449091718749999 0.8025010421875001 0.7515789265625 0.80220703125 0.7516029765625001 0.8273623156250001 0.7863975265625001 0.8273623156250001 0.7863975265625001 0.835744115625
0 0.7516029765625001 0.8828043640625 0.8454772437500001 0.8837988171875001 0.8454772437500001 0.8694503093750001 0.854282396875 0.8643359859374999 0.8544244296875 0.8515501875 0.849595784375 0.8460096765625 0.8460453359375 0.8460096765625 0.8460453359375 0.8443049078125 0.7862664265625 0.84423828125 0.7862555125 0.8519763828125001 0.7517449953125 0.8521184421875001 0.7516029765625001 0.8828043640625
0 0.7863975265625001 0.9227613937499999 0.8454772437500001 0.9227613937499999 0.8454772437500001 0.919920103125 0.8541403843750001 0.9146637203125 0.8541403843750001 0.8996048875 0.8451932171875001 0.8957691453125 0.8451932171875001 0.8838357359375 0.7515789265625 0.8831445312499999 0.7517449953125 0.9084128859374999 0.7863975265625001 0.9084128859374999 0.7863975265625001 0.9227613937499999
0 0.8426878359375 1 0.8432257203125 0.9619323640624999 0.8315802031249999 0.9617903 0.8315802031249999 0.9420433453125 0.7641213828125 0.9420433453125 0.7641213828125 0.9599434625000001 0.720095625 0.9599434625000001 0.719877996875 1 0.8426878359375 1
0 0.7074374999999999 0.3303828125 0.67534375 0.3303828125 0.67534375 0.3798359375 0.7074374999999999 0.3798359375 0.7074374999999999 0.3303828125
0 0.80221875 0.3318671875 0.761 0.3318671875 0.761 0.4074453125 0.80221875 0.4074453125 0.80221875 0.3318671875
0 0.6265472609375 0.36171243125 0.6438088515625 0.36188172343749997 0.6438088515625 0.2819787734375 0.6348395953125 0.2819787734375 0.6326395890625001 0.275715196875 0.6204549421875 0.275715196875 0.619270321875 0.282148065625 0.61446394375 0.2821556828125 0.6143626140625 0.328870975 0.6263780359375 0.328701684375 0.6265472609375 0.36171243125
0 0.6597165859375 0.3292095453125 0.667670459375 0.3292095453125 0.667670459375 0.2819787734375 0.66462429375 0.2819787734375 0.662255053125 0.27605376875 0.6493934828125 0.2758844828125 0.6483780984374999 0.2819787734375 0.6442542812500001 0.2819694921875 0.643470390625 0.3615431515625 0.6597165859375 0.3615431515625 0.6597165859375 0.3292095453125
0 0.643578125 0.3622109375 0.626421875 0.3622109375 0.626421875 0.37391406250000003 0.643578125 0.37391406250000003 0.643578125 0.3622109375
0 0.73603141875 0.3790222328125 0.754209796875 0.3790222328125 0.754209796875 0.331572715625 0.7140789265625 0.33142578125 0.7140185453125001 0.40658273593749994 0.736457478125 0.4064406765625 0.73603141875 0.3790222328125
0 0.8860029218750001 0.3732599765625 0.9154007765625 0.3734020359375 0.9155427890625001 0.2789291859375 0.8772039265625 0.27908203125000003 0.8780498859374999 0.339874834375 0.8860029218750001 0.339874834375 0.8860029218750001 0.3732599765625
0 0.8274912765625 0.38874499687499997 0.8703808875 0.38874499687499997 0.8705229015624999 0.2946983421875 0.8469478234375 0.2946983421875 0.8409830421875 0.285464153125 0.8256450359375 0.285464153125 0.8220945671875001 0.2946983421875 0.8167351765624999 0.29470703125000003 0.8169819046875 0.35280269375 0.8277753125 0.3529447625 0.8274912765625 0.38874499687499997