0 0.8164453125 0.025031249999999998 0.7018046874999999 0.025031249999999998 0.7018046874999999 0.06053125 0.8164453125 0.06053125 0.8164453125 0.025031249999999998
0 0.9294296875000001 0.0258671875 0.8160390625 0.0258671875 0.8160390625 0.060320312499999994 0.9294296875000001 0.060320312499999994 0.9294296875000001 0.0258671875
0 0.9292187500000001 0.06135937500000001 0.8542500000000001 0.06135937500000001 0.8542500000000001 0.139453125 0.9292187500000001 0.139453125 0.9292187500000001 0.06135937500000001
0 0.8532109374999999 0.115234375 0.8279453125 0.115234375 0.8279453125 0.139046875 0.8532109374999999 0.139046875 0.8532109374999999 0.115234375
0 0.9293671874999999 0.139125 0.8274765625 0.139125 0.8274765625 0.33581249999999996 0.9293671874999999 0.33581249999999996 0.9293671874999999 0.139125
0 0.929671875 0.335171875 0.816796875 0.335171875 0.816796875 0.455796875 0.929671875 0.455796875 0.929671875 0.335171875
0 0.9295312499999999 0.45546875 0.8574999999999999 0.45546875 0.8574999999999999 0.50453125 0.9295312499999999 0.50453125 0.9295312499999999 0.45546875
0 0.8573437500000001 0.48078125 0.83125 0.48078125 0.83125 0.5040625000000001 0.8573437500000001 0.5040625000000001 0.8573437500000001 0.48078125
0 0.9301562499999999 0.50515625 0.8712500000000001 0.50515625 0.8712500000000001 0.57515625 0.9301562499999999 0.57515625 0.9301562499999999 0.50515625
0 0.9298203125000001 0.5746640625 0.7903984375 0.5746640625 0.7903984375 0.8127421874999999 0.9298203125000001 0.8127421874999999 0.9298203125000001 0.5746640625
0 0.9354531250000001 0.8076640625 0.322265625 0.8076640625 0.322265625 0.9349609375 0.9354531250000001 0.9349609375 0.9354531250000001 0.8076640625
0 0.589234375 0.779671875 0.523078125 0.779671875 0.523078125 0.8096406249999999 0.589234375 0.8096406249999999 0.589234375 0.779671875
0 0.7073125 0.7283515625 0.6832812500000001 0.7283515625 0.6832812500000001 0.7725546875 0.7073125 0.7725546875 0.7073125 0.7283515625
0 0.5889375 0.6915625000000001 0.52515625 0.6915625000000001 0.52515625 0.7301249999999999 0.5889375 0.7301249999999999 0.5889375 0.6915625000000001
0 0.5934921875 0.5822499999999999 0.3240390625 0.5822499999999999 0.3240390625 0.69065625 0.5934921875 0.69065625 0.5934921875 0.5822499999999999
0 0.58134375 0.4576328125 0.32559375 0.4576328125 0.32559375 0.5816171875 0.58134375 0.5816171875 0.58134375 0.4576328125
0 0.7666875 0.45701562500000004 0.67821875 0.45701562500000004 0.67821875 0.494703125 0.7666875 0.494703125 0.7666875 0.45701562500000004
0 0.62246875 0.21684375 0.5315000000000001 0.21684375 0.5315000000000001 0.28693749999999996 0.62246875 0.28693749999999996 0.62246875 0.21684375
0 0.721515625 0.21559374999999997 0.622453125 0.21559374999999997 0.622453125 0.28693749999999996 0.721515625 0.28693749999999996 0.721515625 0.21559374999999997
0 0.6233984375 0.28723437500000004 0.5308828125 0.28723437500000004 0.5308828125 0.337078125 0.6233984375 0.337078125 0.6233984375 0.28723437500000004
0 0.8274707078124999 0.2753022890625 0.8272686796875 0.2264113546875 0.7490835890625 0.227017440625 0.74928561875 0.1599439265625 0.6993750000000001 0.16 0.69921875 0.16875 0.65421875 0.1690625 0.654130121875 0.21529977812499998 0.72100160625 0.2159058640625 0.7207995781250001 0.274696203125 0.8274707078124999 0.2753022890625
0 0.8268203125 0.1794609375 0.8022109374999999 0.1794609375 0.8022109374999999 0.20563281249999998 0.8268203125 0.20563281249999998 0.8268203125 0.1794609375
0 0.8268125 0.28630468750000004 0.806875 0.28630468750000004 0.806875 0.3031328125 0.8268125 0.3031328125 0.8268125 0.28630468750000004
0 0.32995312499999996 0 0.32995312499999996 0.053609375 0.495046875 0.053609375 0.495046875 0 0.32995312499999996 0
0 0.4611571125 0.7868908859375 0.5222322359375 0.788130990625 0.523782365625 0.7127946703125 0.46301726875 0.71248464375 0.4633272953125 0.69109285 0.323505565625 0.6914028765625 0.32218749999999996 0.8084374999999999 0.4611571125 0.8104528625 0.4611571125 0.7868908859375
0 0.5088 0.42781250000000004 0.66395625 0.428125 0.66395625 0.3715625 0.51078125 0.37140625 0.51078125 0.34562499999999996 0.32671875 0.3465625 0.3251625 0.45734375 0.50890625 0.45734375 0.5088 0.42781250000000004
0 0.5117421875 0.216953125 0.3280078125 0.216953125 0.3280078125 0.33782812500000003 0.5117421875 0.33782812500000003 0.5117421875 0.216953125
0 0.5838222875 0.16211001249999998 0.4694057890625 0.16211001249999998 0.46965615468750005 0.12781009999999998 0.6824658328125001 0.1280604640625 0.683216925 0.081993428125 0.46815396875 0.0822437921875 0.46815396875 0.054954081249999995 0.3297024953125 0.054954081249999995 0.3297024953125 0.2174405296875 0.5840726515625 0.216439071875 0.5838222875 0.16211001249999998