0 0.02792818125 0.101428484375 0.028082575 0.12199563124999999 0.0358020296875 0.12199563124999999 0.035493253125 0.14315377812500002 0.050651484375 0.1433082171875 0.050651484375 0.1956630453125 0.13278651875 0.195971921875 0.1329409125 0.0962784859375 0.125375840625 0.0964329203125 0.125221446875 0.0511822859375 0.11626688125 0.0510278484375 0.116575659375 0.0195222859375 0.0844410671875 0.019659645312499998 0.084280225 0.0963319953125 0.0359564140625 0.0963319953125 0.02792818125 0.101428484375
0 0.141328125 0 0.141328125 0.02190625 0.178921875 0.02190625 0.178921875 0 0.141328125 0
0 0.1790703125 0.038351562500000005 0.1496484375 0.038351562500000005 0.1496484375 0.1027421875 0.1790703125 0.1027421875 0.1790703125 0.038351562500000005
0 0.202546875 0.044296875 0.179890625 0.044296875 0.179890625 0.09517187499999999 0.202546875 0.09517187499999999 0.202546875 0.044296875
0 0.21064806875 0.2329384515625 0.25214105937500003 0.2323280640625 0.2519884953125 0.216026615625 0.3091938890625 0.2158475765625 0.309956640625 0.1334452015625 0.2532088734375 0.1339029921875 0.2532088734375 0.10460436875000001 0.21763621406250003 0.10446133124999998 0.21781780624999997 0.134513378125 0.209885328125 0.1346659796875 0.21064806875 0.2329384515625
0 0 0.6967077875000001 0.0008163609375000001 0.6970304015625 0.013902287499999999 0.6607357765625 0.024931854687499998 0.665784828125 0.0479257 0.6040741078125 0.0430652140625 0.6023910859375 0.0428782796875 0.592853971875 0.0275490453125 0.587243903125 0.021753846875 0.5936019781249999 0.0021249562499999998 0.586495896875 0 0.5923564375 0 0.6967077875000001
0 0.2208469078125 0.6314250203125 0.170122675 0.614137521875 0.14139662343749998 0.693883765625 0.18981456875 0.7127709890625 0.2208469078125 0.6314250203125
0 0.10718626406250001 0.7783027546875 0.08682432031250001 0.7706561578125 0.0720412046875 0.8089711124999999 0.0927917421875 0.817012215625 0.10718626406250001 0.7783027546875
0 0.156351975 0.7973769859375001 0.10759749062499999 0.7784718046875 0.0931656375 0.817012215625 0.14139662343749998 0.8355254343749999 0.156351975 0.7973769859375001
0 0.3001848453125 0.7882067375 0.259333071875 0.7750119375 0.2412190359375 0.8240951031250001 0.28118081250000004 0.83741999375 0.3001848453125 0.7882067375
0 0.3163471625 0.8111255421875001 0.2946789890625 0.8020646156250001 0.285088184375 0.8274707375 0.30640110625 0.83635400625 0.3163471625 0.8111255421875001
0 0.28118081250000004 0.8379837734375 0.24076954062499997 0.8234725234375 0.21955088749999999 0.8799127515625 0.2596902640625 0.8960802875 0.28118081250000004 0.8379837734375
0 0.4182940421875 0.8474000187499999 0.3963123921875 0.8404728109375 0.38437095 0.8715624953125 0.4060390984375 0.8802680796875 0.4182940421875 0.8474000187499999
0 0.2728332390625 0.74851045 0.3094204484375 0.7627236578125001 0.30213853125 0.7799571828125 0.32558276406250003 0.7875967921875 0.3337527125 0.7660993046875 0.3115517359375 0.7579267062499999 0.34121225312500003 0.6779773687499999 0.2948968890625 0.6616766953125001 0.2733660671875 0.7215053390625 0.2820688421875 0.7254139734375 0.2728332390625 0.74851045
0 0.3593505515625 0.7516233828125001 0.3999065625 0.765387909375 0.407691875 0.7400322187499999 0.42597830312499996 0.7458278 0.4386520546875 0.7110542718749999 0.35956099375 0.6838416265625 0.347944178125 0.7197476640625 0.36912745468749997 0.7271732546874999 0.3593505515625 0.7516233828125001
0 0.55504083125 0.846841840625 0.5374889046875 0.8407322703125001 0.527070375 0.8668271921875 0.5458505296875 0.8738220609375 0.55504083125 0.846841840625
0 0.612979615625 0.80187481875 0.5755159328125 0.787758203125 0.549846321875 0.860232028125 0.5872068500000001 0.8736222015624999 0.612979615625 0.80187481875
0 0.620099703125 1 0.656933178125 0.9002027171875 0.6273644015625 0.888811071875 0.6351561796875 0.8666273328124999 0.5950789703125 0.85062369375 0.585808325 0.8731092078125 0.5951983828125 0.8767065687500001 0.549589884375 1 0.620099703125 1
0 0.5415350359375 1 0.5876064140625 0.8743083281249999 0.549578421875 0.8605151171875001 0.498212884375 1 0.5415350359375 1
0 0.7124744765625 0.9032870765625001 0.6935535859375 0.8956846234375 0.686302146875 0.9120806281249999 0.70628103125 0.9204744734375 0.7124744765625 0.9032870765625001
0 0.6771072828125 1 0.7056816609375 0.9210740328125 0.674714384375 0.9086831156249999 0.6413976890625 1 0.6771072828125 1
0 0.8754854515625 0.9426075953125 0.9035577765625 0.86191049375 0.870314221875 0.8512691218749999 0.8527551265625 0.9013307296875 0.8610060296875 0.9053627750000001 0.8494816000000001 0.93314859375 0.8754854515625 0.9426075953125
0 0.9456662937500001 0.8766901828125 0.9036347921875001 0.8626426765625 0.879179165625 0.93240960625 0.9204011796874999 0.9463025109375 0.9456662937500001 0.8766901828125
0 0.9646320578124999 1 0.9641349375000001 0.9620073859374999 0.9907297859374999 0.8919132640624999 0.9457364953124999 0.87580961875 0.9205489437500001 0.9461931218749999 0.9304481328125 0.9500358390624999 0.9316348031249999 1 0.9646320578124999 1
0 0.9744328031249999 0.481298996875 0.81054766875 0.482246871875 0.81054766875 0.489071571875 0.8042937140624999 0.48926114531250003 0.80391468125 0.5875600484375 0.8226765531250001 0.5873704734375 0.8226765531250001 0.6243375953125 0.79083823125 0.6245271765625 0.78117303125 0.6298352734375 0.7809835171875 0.6501197953125 0.7986082984375 0.659029825 0.848260909375 0.6586506765625 0.8480714015625 0.671920925 0.9310784468750001 0.672679221875 0.9350582187500001 0.6594089734375 0.9445339171875 0.6592193921875 0.9445339171875 0.679314346875 0.9740980828125 0.679314346875 0.97390855 0.6448116984375 0.9612111328124999 0.645001278125 0.9617353859375 0.585266496875 0.9700739921875 0.585266496875 0.969505446875 0.5192451265625 0.9740537890625 0.5188659765625 0.9744328031249999 0.481298996875
0 0.598631596875 0.479386484375 0.56041315625 0.465307475 0.52924614375 0.5529550296875 0.5674365046875 0.569030415625 0.598631596875 0.479386484375
0 0.5610078125 0.3804453125 0.5260859375 0.3804453125 0.5260859375 0.4019609375 0.5610078125 0.4019609375 0.5610078125 0.3804453125
0 0.5608203125 0.40228125 0.5260859375 0.40228125 0.5260859375 0.42275 0.5608203125 0.42275 0.5608203125 0.40228125
0 0.8109113078125001 0.47441751718749997 0.9261347453125 0.47215749531249995 0.925682884375 0.4439826765625 0.9561079187500001 0.4438320046875 0.9559572859375001 0.41249315624999994 0.9257186234375 0.4125425515625 0.925682884375 0.38025030625 0.8104594484375 0.3800996390625 0.8104594484375 0.3963717328125 0.7776245390625001 0.396221065625 0.777775153125 0.44654402187500003 0.770435934375 0.44642468593749995 0.7706960609375 0.48903225937499994 0.8107606953125 0.48933360312499996 0.8109113078125001 0.47441751718749997
0 0.5422739062499999 0 0.54233295625 0.014222925 0.5988563375 0.013796728125 0.5988563375 0.0031418937500000002 0.6305264828125 0.003426021875 0.6305264828125 0 0.5422739062499999 0
0 0.5984302984375 0.08857185 0.6305264828125 0.088713909375 0.630668515625 0.0489358734375 0.5981462515625 0.0489358734375 0.5981462515625 0.033877040625 0.5426726765625001 0.033925781249999995 0.54233295625 0.09823223125 0.598288265625 0.09780603437499999 0.5984302984375 0.08857185
0 0.7374921875 0.034546875 0.7157890625000001 0.034546875 0.7157890625000001 0.06932812499999999 0.7374921875 0.06932812499999999 0.7374921875 0.034546875
0 0.7363593749999999 0.069859375 0.715796875 0.069859375 0.715796875 0.098453125 0.7363593749999999 0.098453125 0.7363593749999999 0.069859375
0 0.595718765625 0.2278687546875 0.630307309375 0.2278687546875 0.6301317281250001 0.1707880015625 0.5953676031249999 0.1707880015625 0.5951920328125 0.1584936859375 0.6301317281250001 0.1583180484375 0.6301317281250001 0.1332025140625 0.5410701015625 0.1329130578125 0.5405877703125 0.2350697078125 0.595718765625 0.23471844218750001 0.595718765625 0.2278687546875
0 0.7474140625000001 0.14257031250000002 0.6927109375 0.14257031250000002 0.6927109375 0.18589843749999999 0.7474140625000001 0.18589843749999999 0.7474140625000001 0.14257031250000002
0 0.7818359375 0.085203125 0.7657265625 0.085203125 0.7657265625 0.11873437499999999 0.7818359375 0.11873437499999999 0.7818359375 0.085203125
0 0.765921875 0 0.765921875 0.018546874999999997 0.7832343749999999 0.018546874999999997 0.7832343749999999 0 0.765921875 0
0 0.5958472625 0.273326934375 0.6650103109375001 0.273184875 0.6650103109375001 0.243635465625 0.5406414265625 0.24330078125000001 0.5410280984375 0.2856865359375 0.5957052484375 0.2858286046875 0.5958472625 0.273326934375
0 0.6654363703125 0.2946735203125 0.5955632359374999 0.2943893921875 0.5955632359374999 0.2860075875 0.5409539265625 0.28580078124999997 0.5407440625 0.31655144062499996 0.665578384375 0.31640938125 0.6654363703125 0.2946735203125
0 0.596273321875 0.3398500140625 0.6650103109375001 0.33928174843750003 0.6650103109375001 0.31669350937499996 0.5403289265625 0.31658203125 0.5404600265624999 0.35178341875 0.5961313078125 0.3519254875 0.596273321875 0.3398500140625
0 0.860001490625 0 0.8601140359375 0.0108108734375 0.9647817140624999 0.0095322921875 0.9647817140624999 0.000013975000000000001 0.9647974312500001 0 0.860001490625 0
0 0.9022935421874999 0.0390816921875 0.9647817140624999 0.0389396328125 0.9646397015625 0.0355300765625 0.9711725640625 0.0298475078125 0.9711725640625 0.0207553828125 0.9650657593749999 0.0162093140625 0.9647817140624999 0.009816420312500001 0.8599720218750001 0.0108108734375 0.8596879765625 0.0356721453125 0.9024355749999999 0.035103890625 0.9022935421874999 0.0390816921875
0 0.964071628125 0.072089871875 0.9710305312499999 0.06740174531250001 0.9711725640625 0.058167551562499996 0.9652077734375 0.051490523437500005 0.9022935421874999 0.051774651562499996 0.9024355749999999 0.062287421875000006 0.8672149609375 0.062287421875000006 0.8670729484375 0.0843074046875 0.964071628125 0.08359708906249999 0.964071628125 0.072089871875
0 0.902151528125 0.1201322625 0.9646397015625 0.11956400625000001 0.9644976875 0.1138814265625 0.9707465046875001 0.10905123125 0.970604490625 0.09939085 0.9639296156249999 0.0966916296875 0.9639296156249999 0.08404789375 0.8670476765625 0.08486328125 0.8670729484375 0.10919330000000001 0.902151528125 0.10919330000000001 0.902151528125 0.1201322625
0 0.892778303125 0.1737274734375 0.9460352625 0.1737274734375 0.945609221875 0.15724800156250002 0.9572547390624999 0.15710593281250002 0.9573967515625 0.12940336562500002 0.8409539265625 0.12955078125 0.8403734515625001 0.18225133437500002 0.892778303125 0.18210927500000001 0.892778303125 0.1737274734375
0 0.888091690625 0.2281996828125 0.9475974671875 0.2276314265625 0.9475974671875 0.22038613749999997 0.9572547390624999 0.22052820624999997 0.957112725 0.18927402499999998 0.840941534375 0.190268478125 0.8406574890625 0.2355870296875 0.888091690625 0.2350187734375 0.888091690625 0.2281996828125
0 0.899737225 0.2776750234375 0.9605211609375001 0.2776750234375 0.9664859515625001 0.2715662578125 0.9664859515625001 0.25764393750000003 0.959811075 0.2513931015625 0.9592430015625 0.241732725 0.8370476765625 0.24298828125 0.83682299375 0.26432096875 0.8998792390625001 0.26432096875 0.899737225 0.2776750234375
0 0.839663365625 0.31647091875 0.9596690609375 0.31604473125 0.959811075 0.3058160953125 0.9662019046875001 0.2989846921875 0.9662019046875001 0.28548856875 0.959527028125 0.2805163140625 0.9596690609375 0.2776750234375 0.8995476765625 0.27783203125 0.8995951921875 0.28692151875 0.839663365625 0.287205646875 0.839663365625 0.31647091875
0 0.899737225 0.352308078125 0.9591009703125 0.35188189062499997 0.9592430015625 0.34804614843750004 0.96634391875 0.3425056375 0.9664859515625001 0.3288674453125 0.9593850156249999 0.323895190625 0.9591009703125 0.3160816453125 0.8390789265624999 0.31642578125 0.83923730625 0.341369115625 0.8998792390625001 0.341369115625 0.899737225 0.352308078125