0 0.4912109375 0.205859375 0.4434765625 0.205859375 0.4434765625 0.228859375 0.4912109375 0.228859375 0.4912109375 0.205859375
0 0.6023671875 0.2514609375 0.4902265625 0.2514609375 0.4902265625 0.4059453125 0.6023671875 0.4059453125 0.6023671875 0.2514609375
0 0.7157578124999999 0.44127343750000003 0.6863984375000001 0.44127343750000003 0.6863984375000001 0.4881015625 0.7157578124999999 0.4881015625 0.7157578124999999 0.44127343750000003
0 0.5602354515625 0.54433505625 0.4507143453125 0.5462187546874999 0.4507143453125 0.6027296953125 0.516614978125 0.6024467546875 0.515565909375 0.573936025 0.5602354515625 0.5733978265624999 0.5602354515625 0.54433505625
0 0.56588641875 0.6592406375000001 0.5823011296875 0.6592406375000001 0.5817629421875 0.6342143625000001 0.5112604109375 0.6347525625 0.5107222250000001 0.6029987953125 0.4512525328125 0.6035369953124999 0.4512525328125 0.715751578125 0.5112336765625 0.71518504375 0.5107222250000001 0.6845360109375 0.56588641875 0.6842669109374999 0.56588641875 0.6592406375000001
0 0.6406875000000001 0.6255859375 0.6094375000000001 0.6255859375 0.6094375000000001 0.6428203124999999 0.6406875000000001 0.6428203124999999 0.6406875000000001 0.6255859375
0 0.6420399156250001 0.6659681296875 0.641232634375 0.6417491546874999 0.6218578921875 0.6417491546874999 0.62131970625 0.7149442796875001 0.713570653125 0.7130325234375 0.7130806328125 0.6393272578125 0.688054925 0.64013455625 0.688054925 0.66542993125 0.6420399156250001 0.6659681296875
0 0.0314230125 0.127607971875 0.0894743859375 0.12809376875 0.089717278125 0.09627409375 0.12785144375 0.0965169921875 0.1276085515625 0.127607971875 0.15408386406250002 0.1278508703125 0.1543267578125 0.0438080671875 0.014657053125 0.0440439671875 0.0146634109375 0.0965169921875 0.031180120312499997 0.0965169921875 0.0314230125 0.127607971875
0 0.0812109375 0.1584296875 0.0374765625 0.1584296875 0.0374765625 0.17738281250000001 0.0812109375 0.17738281250000001 0.0812109375 0.1584296875
0 0.1314921875 0.198984375 0.10500781249999999 0.198984375 0.10500781249999999 0.271390625 0.1314921875 0.271390625 0.1314921875 0.198984375
0 0.014177625 0.1990105109375 0.0139347328125 0.2696939078125 0.0632304640625 0.269910325 0.0629990734375 0.21892816874999999 0.042596079687499996 0.21892816874999999 0.0428389734375 0.199253409375 0.014177625 0.1990105109375
0 0.185421875 0.1596484375 0.166453125 0.1596484375 0.166453125 0.1863828125 0.185421875 0.1863828125 0.185421875 0.1596484375
0 0.2789307515625 0.25317682656249996 0.273101325 0.247590165625 0.27285843125000003 0.21625628749999998 0.2772305015625 0.21309861093750002 0.276987609375 0.200953696875 0.27285843125000003 0.197310221875 0.273101325 0.17982154687500002 0.27747339375 0.17642097031249998 0.27747339375 0.1664621421875 0.27285843125000003 0.1637902609375 0.27237264687499996 0.16087548125 0.18614571093750001 0.1599038875 0.18614571093750001 0.18662269843749998 0.22087937812499997 0.1871084953125 0.22087937812499997 0.199253409375 0.18590281718749999 0.199253409375 0.18590281718749999 0.22257164375 0.22087937812499997 0.22232874531250002 0.22087937812499997 0.23520235312499999 0.185659925 0.23471655624999999 0.18590281718749999 0.2587634859375 0.220636484375 0.259006384375 0.22087937812499997 0.2726086875 0.27285843125000003 0.2728515859375 0.27285843125000003 0.270422603125 0.2789307515625 0.2641072484375 0.2789307515625 0.25317682656249996
0 0.197318778125 0.29761765625000003 0.22549434062499998 0.29761765625000003 0.22622301875 0.3267654484375 0.27331046406250004 0.32649834843750003 0.27285843125000003 0.27284203125 0.1970758859375 0.2721133375 0.197318778125 0.29761765625000003
0 0.197318778125 0.33185038906250003 0.197318778125 0.37508628125 0.22646591093750001 0.3753291796875 0.22646591093750001 0.38383062031250004 0.2728247296875 0.38357210625 0.27285843125000003 0.32650662656249996 0.22598012656250002 0.32650662656249996 0.22573723281250002 0.3320932875 0.197318778125 0.33185038906250003
0 0.1385387265625 0.4105494296875 0.22598012656250002 0.4105494296875 0.22622301875 0.4180792765625 0.2728247296875 0.417816359375 0.27285843125000003 0.3840735171875 0.13829583437499998 0.383101925 0.1385387265625 0.4105494296875
0 0.1650140390625 0.42729985625 0.1657427171875 0.47175024062500004 0.22622301875 0.4724789359375 0.22646591093750001 0.4807374765625 0.2742819328125 0.479990325 0.27285843125000003 0.41806972187499997 0.22646591093750001 0.41855551875 0.22646591093750001 0.42729985625 0.1650140390625 0.42729985625
0 0.2327811234375 0.509156575 0.233266909375 0.542190740625 0.27889640625 0.5421642906249999 0.2789307515625 0.4795229859375 0.11740705468749998 0.4812232734375 0.11740705468749998 0.5089136765625 0.2327811234375 0.509156575
0 0.0457578125 0.43336718750000003 0.0139296875 0.43336718750000003 0.0139296875 0.4812265625 0.0457578125 0.4812265625 0.0457578125 0.43336718750000003
0 0.07125000000000001 0.48121875000000003 0.05328125 0.48121875000000003 0.05328125 0.53075 0.07125000000000001 0.53075 0.07125000000000001 0.48121875000000003
0 0.05352343750000001 0.481703125 0.0144140625 0.481703125 0.0144140625 0.530265625 0.05352343750000001 0.530265625 0.05352343750000001 0.481703125
0 0.038953125 0.32649218750000003 0.013921875 0.32649218750000003 0.013921875 0.3821328125 0.038953125 0.3821328125 0.038953125 0.32649218750000003
0 0.20261033281250002 0.063130571875 0.20365597968750002 0.1369549578125 0.231470203125 0.1369549578125 0.231470203125 0.1601688578125 0.2877044203125 0.1609853640625 0.2864712625 0.0432628203125 0.2318884625 0.0430536859375 0.23167933281250003 0.0629214375 0.20261033281250002 0.063130571875
0 0.015075678125 0.6149942984375001 0.0155940171875 0.715036028125 0.05886364375000001 0.7150115703125001 0.05861617031250001 0.666051865625 0.04488018125 0.666051865625 0.04488018125 0.6147351234375 0.015075678125 0.6149942984375001
0 0.07571093749999999 0.6041171875 0.0448828125 0.6041171875 0.0448828125 0.6287265625 0.07571093749999999 0.6287265625 0.07571093749999999 0.6041171875
0 0.045140625000000004 0.6035859375 0.014546875 0.6035859375 0.014546875 0.6150078125 0.045140625000000004 0.6150078125 0.045140625000000004 0.6035859375
0 0.2815625 0.9672656249999999 0.24003125 0.9672656249999999 0.24003125 0.9947968749999999 0.2815625 0.9947968749999999 0.2815625 0.9672656249999999
0 0.243791321875 0.9682184390625 0.28180080625000004 0.9682184390625 0.28180080625000004 0.87447513125 0.21625433125 0.874471590625 0.2167416265625 0.9393025937499999 0.243791321875 0.9390693999999999 0.243791321875 0.9682184390625
0 0.115782609375 0.964955665625 0.17454573906249998 0.964955665625 0.1747789265625 0.939537703125 0.2102233546875 0.9397708953125001 0.20999016718750002 0.8747102421875 0.01807724375 0.87447705 0.0178440578125 0.98361105 0.06796308906250001 0.9840578859375 0.0698447640625 0.9400040890625 0.115782609375 0.94023728125 0.115782609375 0.964955665625
0 0.4417492890625 0.8714893765625 0.44205960468749994 0.9084179515624999 0.5351321296875 0.9087143890625 0.5351547453125 0.8857642875 0.505984934375 0.8851436390625 0.505984934375 0.8717997015625001 0.4417492890625 0.8714893765625
0 0.5351547453125 0.9090386 0.44268023906250004 0.9087282765625 0.4433008734375 0.9434845812500001 0.5068962609375001 0.9437765109375 0.50660556875 0.9316922640625 0.5351547453125 0.9316922640625 0.5351547453125 0.9090386
0 0.50660556875 0.9434845812500001 0.44268023906250004 0.9434845812500001 0.44299055625 0.9819647765624999 0.5360629828125 0.9816311921875001 0.5363960140625 0.9558975484375001 0.5069158859375 0.9558975484375001 0.50660556875 0.9434845812500001
0 0.44299055625 0.99921875 0.5366835515624999 0.9986968265625 0.5360856968750001 0.9816544531250001 0.44299055625 0.9816544531250001 0.44299055625 0.99921875
0 0.6490411328125 0.92983031875 0.6496617671875 0.9503117124999999 0.6728983453125 0.95029248125 0.6701426984375 0.8711790531249999 0.6347665453125 0.8711790531249999 0.6363181296875 0.92983031875 0.6490411328125 0.92983031875
0 0.6701426984375 0.8711790531249999 0.6729355515625 0.9496910640625 0.6989622234375 0.949361628125 0.6986918734375 0.92983031875 0.7173109015625 0.92983031875 0.7160696328125 0.870868728125 0.6701426984375 0.8711790531249999