0 0.052744103125 0.1296701484375 0.07152600625 0.1296701484375 0.071056459375 0.0972713640625 0.052274554687499995 0.097036590625 0.052744103125 0.1296701484375
0 0.071056459375 0.061585746875 0.0529788765625 0.0618205203125 0.052274554687499995 0.0975061375 0.070821684375 0.0972713640625 0.071056459375 0.061585746875
0 0.37803543125 0.0274686984375 0.2474923171875 0.0273116078125 0.247335225 0.057159009375 0.322267915625 0.057159009375 0.32258209843749996 0.070825978125 0.3763074234375 0.0709830703125 0.383690728125 0.0679983296875 0.383690728125 0.053545903125 0.3783496140625 0.0486760640625 0.37803543125 0.0274686984375
0 0.634929184375 0.19549876875 0.6353204203125 0.1859135046875 0.64099333125 0.1861091234375 0.6497961234375 0.1956943859375 0.6709228281249999 0.1958900046875 0.67894315 0.1870872109375 0.7118069109375 0.18786968125 0.7112200578125 0.146007509375 0.5690060453125 0.1442469515625 0.5684191921874999 0.1947162984375 0.634929184375 0.19549876875
0 0.5705709859375 0.48579532499999994 0.5625506640625 0.4940112640625 0.562159428125 0.5153335859375 0.639819625 0.516702909375 0.639819625 0.5102475281250001 0.683833590625 0.5104431453125 0.6840292078125 0.47601444375 0.5705709859375 0.47425388437500005 0.5705709859375 0.48579532499999994
0 0.8292187500000001 0.5959375 0.85546875 0.59609375 0.8595312500000001 0.22496 0.8324999999999999 0.22464750000000003 0.8292187500000001 0.5959375
0 0.37134294218749997 0.5627405515625 0.37134294218749997 0.5458238875 0.3778172203125 0.5368434359375 0.37802606875 0.5215975546875 0.3717606375 0.51909138125 0.371969484375 0.5101109312500001 0.378234915625 0.5028012609375 0.378234915625 0.49089694218749996 0.371969484375 0.487555378125 0.371969484375 0.4741891265625 0.23433885000000002 0.4735625828125 0.23413000312499999 0.5048897375 0.31328328125 0.50551628125 0.3130744328125 0.5176294484375 0.23413000312499999 0.5174206 0.233503459375 0.5788218234375 0.313909825 0.5792395203125 0.313909825 0.5865491890625 0.37134294218749997 0.5859226453125 0.377399525 0.5825810828125 0.3767729828125 0.5654555718750001 0.37134294218749997 0.5627405515625
0 0.376564134375 0.6644493812500001 0.370925246875 0.6594370374999999 0.37113409375 0.6228886890625 0.3769818296875 0.6157878671875 0.37719067812499996 0.6043012437499999 0.37113409375 0.60200391875 0.37113409375 0.5959473359375 0.301587809375 0.5957384875 0.30137896249999996 0.602839309375 0.27234913125000004 0.6026304625 0.27234913125000004 0.61223745625 0.2708871984375 0.6151613234375 0.27067834999999996 0.62581255625 0.2725579796875 0.6291541203125 0.27234913125000004 0.67008826875 0.3017966578125 0.6705059656250001 0.301587809375 0.681157196875 0.3698810078125 0.6813660453125 0.3705075515625 0.677815634375 0.376564134375 0.6753094625 0.376564134375 0.6644493812500001
0 0.8498130250000001 0.9917137296874999 0.8498130250000001 0.9618485078125 0.82433360625 0.9620573562500001 0.8241247578124999 0.9929668156250001 0.8498130250000001 0.9917137296874999
0 0.8510661109375001 0.9294771140625 0.8249601484375001 0.9294771140625 0.82433360625 0.9614308125000001 0.85043956875 0.9610131171875 0.8510661109375001 0.9294771140625
0 0.8519015015625 0.8918845281250001 0.8257955390625 0.8916756796875 0.8247513015625 0.9292682671874999 0.8508572640625 0.9301036578125 0.8519015015625 0.8918845281250001
0 0.85211035 0.8526211609375001 0.8253778437499999 0.8530388562500001 0.8255866921875 0.8918845281250001 0.852319196875 0.8927199187499999 0.85211035 0.8526211609375001
0 0.8537811312500001 0.8179524421875 0.8266309296875001 0.8181612890625001 0.8257955390625 0.8526211609375001 0.852945740625 0.8528300078125 0.8537811312500001 0.8179524421875
0 0.8569138468749999 0.8169082031249999 0.8600465625 0.8137754875000001 0.8627615828125 0.8085542953125 0.863388125 0.7974853671875 0.85837578125 0.7933084125 0.8585846281249999 0.776600596875 0.8272574734375 0.776600596875 0.8260043874999999 0.8175347468749999 0.853572284375 0.8175347468749999 0.8569138468749999 0.8169082031249999
0 0.8554519125000001 0.7490327 0.827466321875 0.7490327 0.827048625 0.7768094453125001 0.855243065625 0.776600596875 0.8554519125000001 0.7490327
0 1 0.7096646578125 0.9671854328125 0.7095604843750001 0.9671854328125 0.718749784375 0.9039045796874999 0.718123240625 0.9034868843750001 0.768664384375 0.96739428125 0.769290928125 0.9676031281249999 0.77576520625 1 0.7762877375 1 0.7096646578125
0 1 0.785155603125 0.9389909937500001 0.7843279625 0.939199840625 0.80876314375 0.9726154734374999 0.808971990625 0.9728243203125 0.8181612890625001 1 0.8184709828125 1 0.785155603125
0 1 0.8250242609375 0.981595925 0.8248444156250001 0.9813870765624999 0.83027445625 0.9440033390625 0.8298567609375 0.9435856421875 0.8542919421875 0.9809693812500001 0.8547096375000001 0.9809693812500001 0.8659874125 0.9433767953125001 0.8657785656250001 0.9433767953125001 0.8937641578125 0.9429591 0.8943907 0.9425414046875 0.9248824640625 0.979507446875 0.9253001609375 0.9797162953124999 0.93135674375 1 0.9316126890625 1 0.8250242609375
0 1 0.931820521875 0.9872348125 0.9317744390625 0.9872348125 0.9382487171875 0.9529837890625 0.9380398703124999 0.95256609375 0.9869102312500001 0.9857728781249999 0.9869102312500001 0.9861905734375 0.9963083781250001 1 0.9965114578125001 1 0.931820521875
0 0.0433637453125 0.7300472234375001 0.0627258046875 0.7300472234375001 0.0638014734375 0.6921836406249999 0.0435788796875 0.692398775 0.0433637453125 0.7300472234375001
0 0.0644468765625 0.65754706875 0.044009146875 0.657762203125 0.0433637453125 0.6917533734375 0.0642317421875 0.692398775 0.0644468765625 0.65754706875
0 0.064662009375 0.616026209375 0.0450848171875 0.6155959421875 0.04465455 0.657762203125 0.0640166078125 0.658192471875 0.064662009375 0.616026209375
0 0.0655225453125 0.5757961546875 0.0455150859375 0.5757961546875 0.04465455 0.616026209375 0.06487714375 0.616456478125 0.0655225453125 0.5757961546875
0 0.0659528140625 0.5762264218750001 0.06638308125 0.51943105 0.0465907546875 0.5196461828125 0.04573021875 0.51943105 0.0455150859375 0.5757961546875 0.0659528140625 0.5762264218750001
0 0.122533053125 0.5491195390625 0.1005893859375 0.5491195390625 0.1001591171875 0.585046915625 0.1233935890625 0.5859074515625 0.122533053125 0.5491195390625
0 0.1227481859375 0.6706702421874999 0.12231791875 0.640121215625 0.09865317968750001 0.640121215625 0.098007778125 0.6726064484375 0.1193060421875 0.673036715625 0.1227481859375 0.6706702421874999
0 0.12360872187500001 0.510825690625 0.10123478749999999 0.510825690625 0.1008045203125 0.5491195390625 0.1231784546875 0.5495498078125001 0.12360872187500001 0.510825690625
0 0.12425412499999999 0.47446804687500005 0.10144992187499999 0.47403777812500003 0.101880190625 0.5110408234375 0.12382385625 0.5114710921875 0.12425412499999999 0.47446804687500005
0 0.8554186843749999 0.1806936796875 0.8320108906250001 0.18052527812500002 0.8320108906250001 0.215047565625 0.8554186843749999 0.215047565625 0.8554186843749999 0.1806936796875
0 0.8557554875 0.1337096890625 0.83251609375 0.1335412875 0.8318424890625 0.1695791875 0.8552502828125 0.1695791875 0.8557554875 0.1337096890625
0 0.8333908640625 0 0.8321792921875 0.124110809375 0.8571026984375001 0.124110809375 0.8585851171875 0 0.8333908640625 0
0 1 0 0.937626515625 0 0.9371875 0.039218750000000004 0.975 0.039531250000000004 0.97484375 0.04453125 1 0.044766354687499996 1 0
0 1 0.044961396875 0.975 0.04484375 0.97484375 0.050937500000000004 0.9371875 0.050937500000000004 0.9371875 0.0959375 0.9740624999999999 0.095625 0.9740624999999999 0.10015624999999999 1 0.1000956484375 1 0.044961396875
0 1 0.1319362375 0.97421875 0.13187500000000002 0.9740624999999999 0.1753125 1 0.175557771875 1 0.1319362375
0 1 0.099964621875 0.974375 0.09984375 0.9740624999999999 0.13218749999999999 1 0.1322485296875 1 0.099964621875
0 0.9375 0.10515624999999999 0.9371875 0.13234375 0.9740624999999999 0.1325 0.974375 0.1053125 0.9375 0.10515624999999999
0 0.93671875 0.1684375 0.97421875 0.16875 0.97421875 0.1325 0.9371875 0.13203125 0.93671875 0.1684375
0 0.9371875 0.2140625 0.9731249999999999 0.2140625 0.9740624999999999 0.18156250000000002 0.9376562500000001 0.18125 0.9371875 0.2140625
0 1 0.18199880625 0.9740624999999999 0.181875 0.97359375 0.22046875 1 0.22065691875 1 0.18199880625
0 1 0.225595703125 0.97359375 0.22546875000000002 0.97328125 0.26390625 1 0.26384186718749997 1 0.225595703125
0 0.93671875 0.22531249999999997 0.936875 0.25765625000000003 0.97296875 0.2578125 0.9734375 0.22578125 0.93671875 0.22531249999999997
0 0.9731249999999999 0.30109375 0.97359375 0.27203125 0.9159375000000001 0.27218749999999997 0.9160937499999999 0.30140625 0.9731249999999999 0.30109375
0 0.9728125000000001 0.37296874999999996 0.9731249999999999 0.31390625 0.91328125 0.31375000000000003 0.913125 0.37171875 0.9728125000000001 0.37296874999999996
0 0.9129687499999999 0.3134375 0.8959374999999999 0.31375000000000003 0.8956250000000001 0.34140625 0.9129687499999999 0.3415625 0.9129687499999999 0.3134375
0 0.8956250000000001 0.37171875 0.9128125 0.37171875 0.9134375 0.34140625 0.89515625 0.34109375000000003 0.8956250000000001 0.37171875
0 0.92359375 0.42765624999999996 0.896875 0.42734375 0.8964062500000001 0.45531249999999995 0.934375 0.45578124999999997 0.9346875000000001 0.43609375000000006 0.92359375 0.43624999999999997 0.92359375 0.42765624999999996
0 1 0.3889634796875 0.97625 0.38890625 0.9760937500000001 0.39390625 0.93484375 0.3934375 0.93453125 0.41953125 0.97625 0.42000000000000004 0.97625 0.428125 0.93453125 0.42781250000000004 0.934375 0.48125 0.9753125 0.4815625 0.9765625 0.49000000000000005 1 0.49017318281250005 1 0.3889634796875
0 1 0.49007907968750003 0.9759375 0.48984375 0.9759375 0.496875 0.8964062500000001 0.49609375 0.89609375 0.5232812499999999 0.9765625 0.52453125 0.9765625 0.5326562499999999 0.9337500000000001 0.5328125 0.9328125 0.5865625 0.9764062499999999 0.58671875 0.9765625 0.5973437500000001 1 0.5975190921875 1 0.49007907968750003