0 0 0.3689609375 0.28575 0.3689609375 0.28575 0.20707031250000002 0 0.20707031250000002 0 0.3689609375
0 0.3577734375 0.1495390625 0.2791640625 0.1495390625 0.2791640625 0.2059609375 0.3577734375 0.2059609375 0.3577734375 0.1495390625
0 0.47325 0.1499140625 0.35740625000000004 0.1499140625 0.35740625000000004 0.20671093749999997 0.47325 0.20671093749999997 0.47325 0.1499140625
0 0.300234375 0.12396093749999999 0.27804687499999997 0.12396093749999999 0.27804687499999997 0.1495390625 0.300234375 0.1495390625 0.300234375 0.12396093749999999
0 0.2784140625 0.1025234375 0.2009296875 0.1025234375 0.2009296875 0.1484140625 0.2784140625 0.1484140625 0.2784140625 0.1025234375
0 0.2013125 0.1036484375 0.11556249999999998 0.1036484375 0.11556249999999998 0.15103906250000002 0.2013125 0.15103906250000002 0.2013125 0.1036484375
0 0.145265625 0.0058515625 0.11554687500000001 0.0058515625 0.11554687500000001 0.10402343750000001 0.145265625 0.10402343750000001 0.145265625 0.0058515625
0 0 0.1525390625 0.0824609375 0.1525390625 0.0824609375 0.1055234375 0 0.1055234375 0 0.1525390625
0 0.5921640625 0.06209375 0.5636484375 0.06209375 0.5636484375 0.16453125 0.5921640625 0.16453125 0.5921640625 0.06209375
0 0.6398046875000001 0 0.6398046875000001 0.0223984375 0.6785078125 0.0223984375 0.6785078125 0 0.6398046875000001 0
0 0.93571875 0.20392187499999997 0.8991875 0.20392187499999997 0.8991875 0.247265625 0.93571875 0.247265625 0.93571875 0.20392187499999997
0 0.3648383109375 0 0.363939840625 0.0988316984375 0.39680480937499996 0.0988316984375 0.39680480937499996 0.0697227265625 0.4350690234375 0.0690184765625 0.435838746875 0 0.3648383109375 0
0 1 0.008913810937499999 0.7688840921875 0.0117583140625 0.7692945359375 0.07291445156250001 1 0.0697571921875 1 0.008913810937499999
0 1 0.07086475625000001 0.769355196875 0.0737426765625 0.7687582546875 0.1348598796875 1 0.13504700625 1 0.07086475625000001
0 1 0.6170000140624999 0.9380348734374999 0.61659435 0.9383073187500001 0.5912568984375 0.8655643156249999 0.590984453125 0.8658367609375001 0.6708110453125 0.8448584421875 0.671083490625 0.836412625 0.657188759375 0.7808337 0.65664386875 0.7808337 0.7182165984375 1 0.7183864953125 1 0.6170000140624999
0 1 0.719204015625 0.781106146875 0.7190339359375 0.781106146875 0.7710710656249999 0.8385921906249999 0.7702537281249999 0.8500349093749999 0.7552692140625 0.8655643156249999 0.7547243234375001 0.8650194234375 0.8386376 0.9383073187500001 0.8391824921875 0.9383073187500001 0.8209286296875 1 0.8212345437499999 1 0.719204015625
0 1 1 1 0.9412695078125 0.9570997078125 0.940757571875 0.9438202796875 0.9173438421875 0.892449859375 0.9162954671874999 0.87812205625 0.9362146093750001 0.877772596875 0.9812947734374999 0.8005422390625 0.98164423125 0.8002517890625 1 1 1