0 0.4608125 0.0008046875000000001 0.38687499999999997 0.0008046875000000001 0.38687499999999997 0.0447578125 0.4608125 0.0447578125 0.4608125 0.0008046875000000001
0 0.3863828125 0.0013046874999999999 0.3530859375 0.0013046874999999999 0.3530859375 0.0445078125 0.3863828125 0.0445078125 0.3863828125 0.0013046874999999999
0 0.3736953125 0.04525 0.3538671875 0.04525 0.3538671875 0.07825 0.3736953125 0.07825 0.3736953125 0.04525
0 0.46060937500000004 0.1373359375 0.42507812500000003 0.1373359375 0.42507812500000003 0.18128906250000001 0.46060937500000004 0.18128906250000001 0.46060937500000004 0.1373359375
0 0.4610625 0.181046875 0.43653125 0.181046875 0.43653125 0.242828125 0.4610625 0.242828125 0.4610625 0.181046875
0 0.317125 0.1817578125 0.29575 0.1817578125 0.29575 0.2135546875 0.317125 0.2135546875 0.317125 0.1817578125
0 0.1788405984375 0.14851373750000002 0.1785923421875 0.16489905 0.181323165625 0.1676299359375 0.25182806874999997 0.1668851484375 0.252076325 0.17631911718749999 0.29550010625 0.176050840625 0.2952729921875 0.12294271718750001 0.18405398906249998 0.12294271718750001 0.18330921875 0.1452863265625 0.1788405984375 0.14851373750000002
0 0.3176015625 0.1336015625 0.2955234375 0.1336015625 0.2955234375 0.1691171875 0.3176015625 0.1691171875 0.3176015625 0.1336015625
0 0.5115000000000001 0.14875 0.487375 0.14875 0.487375 0.18153125 0.5115000000000001 0.18153125 0.5115000000000001 0.14875
0 0.5124921875 0.1812578125 0.48763281249999996 0.1812578125 0.48763281249999996 0.22249218750000002 0.5124921875 0.22249218750000002 0.5124921875 0.1812578125
0 0.5338515625 0.06534375 0.4863984375 0.06534375 0.4863984375 0.12865625 0.5338515625 0.12865625 0.5338515625 0.06534375
0 0.510765625 0.030093750000000002 0.486640625 0.030093750000000002 0.486640625 0.06559374999999999 0.510765625 0.06559374999999999 0.510765625 0.030093750000000002
0 0.2957695046875 0.182525675 0.18405398906249998 0.182525675 0.18380573281249998 0.20387623437500002 0.178095828125 0.2103310546875 0.178095828125 0.222744171875 0.18380573281249998 0.22646810624999997 0.18405398906249998 0.2282059421875 0.2515633234375 0.22718630625 0.25182806874999997 0.213310203125 0.2955212484375 0.213061940625 0.2957695046875 0.182525675
0 0.4613515625 0.2425859375 0.4372421875 0.2425859375 0.4372421875 0.2768515625 0.4613515625 0.2768515625 0.4613515625 0.2425859375
0 0.46085937499999996 0.30265624999999996 0.437984375 0.30265624999999996 0.437984375 0.32203125 0.46085937499999996 0.32203125 0.46085937499999996 0.30265624999999996
0 0.4616015625 0.3220078125 0.4374921875 0.3220078125 0.4374921875 0.37589843749999996 0.4616015625 0.37589843749999996 0.4616015625 0.3220078125
0 0.4618515625 0.3751328125 0.4374921875 0.3751328125 0.4374921875 0.40271093750000003 0.4618515625 0.40271093750000003 0.4618515625 0.3751328125
0 0.33053125 0.24456250000000002 0.3044375 0.24456250000000002 0.3044375 0.27684375 0.33053125 0.27684375 0.33053125 0.24456250000000002
0 0.31637499999999996 0.34857031250000003 0.29896875 0.34857031250000003 0.29896875 0.37589843749999996 0.31637499999999996 0.37589843749999996 0.31637499999999996 0.34857031250000003
0 0.3166015625 0.37540625 0.2994921875 0.37540625 0.2994921875 0.4024375 0.3166015625 0.4024375 0.3166015625 0.37540625
0 0.1793371109375 0.2815628109375 0.18405398906249998 0.28479022187499997 0.25182806874999997 0.285038484375 0.25182806874999997 0.276349303125 0.3039619765625 0.27659756562500004 0.3044584890625 0.2443234625 0.1840446515625 0.24431420468749998 0.18405398906249998 0.2629431375 0.1790888546875 0.266667071875 0.1793371109375 0.2815628109375
0 0.29254216875 0.2917415671875 0.18380573281249998 0.292238090625 0.18306096249999998 0.3093681921875 0.179833625 0.3133403890625 0.17958536875 0.32426393125 0.1823161921875 0.3299739640625 0.2515633234375 0.33045015625 0.25182806874999997 0.3220295703125 0.2920456546875 0.3220295703125 0.29254216875 0.2917415671875
0 0.25182806874999997 0.341387521875 0.18405398906249998 0.341139259375 0.18405398906249998 0.3466010296875 0.1790888546875 0.3515662765625 0.1790888546875 0.36497244218749997 0.1843022453125 0.3721720484375 0.18405398906249998 0.384833428125 0.178344084375 0.392033034375 0.178344084375 0.40668051250000004 0.18306096249999998 0.411397496875 0.2513315546875 0.410900971875 0.2515798125 0.40320483906250004 0.299968253125 0.402436975 0.2989968421875 0.348338865625 0.25182806874999997 0.348338865625 0.25182806874999997 0.341387521875
0 0.5147265625 0.25746875 0.4881171875 0.25746875 0.4881171875 0.34709375 0.5147265625 0.34709375 0.5147265625 0.25746875
0 0.5132421875000001 0.481125 0.48813281249999996 0.481125 0.48813281249999996 0.5079374999999999 0.5132421875000001 0.5079374999999999 0.5132421875000001 0.481125
0 0.513203125 0.5074453125 0.48767187500000003 0.5074453125 0.48767187500000003 0.5384609375 0.513203125 0.5384609375 0.513203125 0.5074453125
0 0.5132421875000001 0.538484375 0.48763281249999996 0.538484375 0.48763281249999996 0.584640625 0.5132421875000001 0.584640625 0.5132421875000001 0.538484375
0 0.5134531250000001 0.58465625 0.48817187500000003 0.58465625 0.48817187500000003 0.6126875 0.5134531250000001 0.6126875 0.5134531250000001 0.58465625
0 0.4621015625 0.5451640624999999 0.4404609375 0.5451640624999999 0.4404609375 0.6303359375 0.4621015625 0.6303359375 0.4621015625 0.5451640624999999
0 0.5147265625 0.6303124999999999 0.4881171875 0.6303124999999999 0.4881171875 0.6715312499999999 0.5147265625 0.6715312499999999 0.5147265625 0.6303124999999999
0 0.46110937500000004 0.6305546875 0.437984375 0.6305546875 0.437984375 0.6926328125000001 0.46110937500000004 0.6926328125000001 0.46110937500000004 0.6305546875
0 0.5149765625 0.6712734375 0.4881171875 0.6712734375 0.4881171875 0.7117578124999999 0.5149765625 0.7117578124999999 0.5149765625 0.6712734375
0 0.46234374999999994 0.729359375 0.43946874999999996 0.729359375 0.43946874999999996 0.785484375 0.46234374999999994 0.785484375 0.46234374999999994 0.729359375
0 0.5154687499999999 0.711984375 0.488125 0.711984375 0.488125 0.754703125 0.5154687499999999 0.754703125 0.5154687499999999 0.711984375
0 0.5107578125 0.7708046875 0.48861718749999994 0.7708046875 0.48861718749999994 0.8078203125 0.5107578125 0.8078203125 0.5107578125 0.7708046875
0 0.4626015625 0.7963828125 0.43824218750000005 0.7963828125 0.43824218750000005 0.8358671875000001 0.4626015625 0.8358671875000001 0.4626015625 0.7963828125
0 0.5107109375000001 0.8080546875 0.48891406249999997 0.8080546875 0.48891406249999997 0.8388203125 0.5107109375000001 0.8388203125 0.5107109375000001 0.8080546875
0 0.4618515625 0.8507421875000001 0.4399609375 0.8507421875000001 0.4399609375 0.8996640625 0.4618515625 0.8996640625 0.4618515625 0.8507421875000001
0 0.50878125 0.8509921874999999 0.488375 0.8509921874999999 0.488375 0.8807890625000001 0.50878125 0.8807890625000001 0.50878125 0.8509921874999999
0 0.509234375 0.880046875 0.48792187499999995 0.880046875 0.48792187499999995 0.913546875 0.509234375 0.913546875 0.509234375 0.880046875
0 0.5090234375 0.9271874999999999 0.48763281249999996 0.9271874999999999 0.48763281249999996 0.9574999999999999 0.5090234375 0.9574999999999999 0.5090234375 0.9271874999999999
0 0.46284375000000005 0.899390625 0.43996874999999996 0.899390625 0.43996874999999996 0.934421875 0.46284375000000005 0.934421875 0.46284375000000005 0.899390625
0 0.4618515625 0.93465625 0.4402109375 0.93465625 0.4402109375 0.9676562499999999 0.4618515625 0.9676562499999999 0.4618515625 0.93465625
0 0.4621015625 1 0.4621015625 0.9669296875000001 0.4402109375 0.9669296875000001 0.4402109375 1 0.4621015625 1
0 0.5090234375 1 0.5090234375 0.9713984375000001 0.4878828125 0.9713984375000001 0.4878828125 1 0.5090234375 1
0 0.2818754375 0.9090772578124999 0.24314739218749998 0.91031856875 0.24314739218749998 0.9026224375 0.1808349609375 0.90187765 0.1741320296875 0.9093255203125 0.1741320296875 0.923476471875 0.1795936765625 0.92844171875 0.17909716250000002 0.9463166062499999 0.1741320296875 0.9502888031250001 0.17388377187499998 0.960219296875 0.1795936765625 0.9656810671875 0.1793454203125 0.9689084781249999 0.24386818125 0.9693952328125001 0.24314739218749998 0.9604675593750001 0.2818754375 0.9599710343750001 0.2818754375 0.9090772578124999
0 0.173295165625 0.888948309375 0.1797259765625 0.8918881750000001 0.1797259765625 0.8961142328125 0.2423804484375 0.8959304906250001 0.2423804484375 0.88655966875 0.280781575 0.8867434109375001 0.2809653125 0.87204408125 0.30779098125000004 0.87204408125 0.308132396875 0.8507230359375001 0.17899102656250002 0.8507300546875 0.1786235515625 0.8722278234375 0.173478903125 0.8781075546875 0.173295165625 0.888948309375
0 0.3267159375 0.797638365625 0.24458529687500002 0.79782210625 0.24458529687500002 0.8294256640625 0.302804575 0.8288605953125 0.3020951203125 0.8195036171875 0.3265322 0.8195036171875 0.3267159375 0.797638365625
0 0.30613734375 0.744176784375 0.2879473359375 0.7445442671875 0.2875798609375 0.7287424875 0.243115396875 0.7287424875 0.242931659375 0.7847836796875 0.28773970000000004 0.78531943125 0.2875798609375 0.7684306765625 0.30650481875 0.76861441875 0.30613734375 0.744176784375
0 0.292357034375 0.6591140531249999 0.1835844625 0.6585628296875 0.183400725 0.680611821875 0.1778886015625 0.6837354296875 0.1777048640625 0.6942087015625 0.1830332515625 0.6988022421875 0.1830332515625 0.7028445578125 0.24125904843749998 0.7031974875 0.24091054843749998 0.692003803125 0.29217329687500004 0.6923712859375 0.292357034375 0.6591140531249999
0 0.29217329687500004 0.6146558109375 0.184135675 0.6141045859375 0.184135675 0.6477293015625001 0.24236135625 0.6482658078125 0.2420129734375 0.6407471203124999 0.292357034375 0.6407471203124999 0.29217329687500004 0.6146558109375
0 0.292724509375 0.5496160984375 0.2495462078125 0.5496160984375 0.2497299453125 0.5418989515625 0.1846868875 0.5415314671875 0.1846868875 0.5474112 0.1784398140625 0.55218848125 0.1780723390625 0.5637642031250001 0.1846868875 0.5694601921875 0.1843194125 0.5839757796875 0.17733738906250002 0.5887530625 0.1778886015625 0.5999613 0.1835844625 0.6047385828125 0.1835844625 0.6071272234375 0.24989379375 0.60784785 0.2497299453125 0.5999613 0.292357034375 0.5999613 0.292724509375 0.5496160984375
0 0.658484375 0.9712343750000001 0.633703125 0.9712343750000001 0.633703125 0.999015625 0.658484375 0.999015625 0.658484375 0.9712343750000001
0 0.760514946875 1 0.7603618796875 0.9889789734375001 0.76506061875 0.9836393765624999 0.7652741984375 0.974668853125 0.760575459375 0.970610759375 0.760575459375 0.963135325 0.6990646984375 0.9635624921874999 0.69885111875 0.97082434375 0.6586866765625 0.9710198859375 0.6590391890625 1 0.760514946875 1
0 0.76570135625 0.9357965890625 0.7620705125 0.9349422546874999 0.7614297750000001 0.9244766453125 0.6999190140625 0.92383589375 0.699705434375 0.9313113281250001 0.63456383125 0.9313113281250001 0.63456383125 0.9565142249999999 0.7609801984375 0.9564980500000001 0.7618569328125 0.9503202921874999 0.7661285140625 0.9490387890624999 0.76570135625 0.9357965890625
0 0.7674099875 0.893942553125 0.7616433546875 0.88860295625 0.7614297750000001 0.8706619109375 0.7667692515625 0.8655358984375001 0.767196409375 0.8537887859375 0.7616433546875 0.8507986125 0.7616433546875 0.8446046796875001 0.6990646984375 0.845031846875 0.6990646984375 0.8497306921875 0.6334959359375001 0.8493035250000001 0.63392309375 0.91209718125 0.70013259375 0.9135922687500001 0.70013259375 0.9167960265625 0.7618344234375 0.9172036703125 0.7618569328125 0.9080390890625001 0.7674099875 0.9039809953125 0.7674099875 0.893942553125
0 0.7669828296875 0.8170607625 0.762284090625 0.813216253125 0.762284090625 0.8097989109375 0.6337095140625 0.8089445749999999 0.6337095140625 0.8335067203125 0.7048313312500001 0.8345746390625 0.704617753125 0.837778396875 0.7618344234375 0.8379742421874999 0.7616433546875 0.83286596875 0.7674099875 0.8288078750000001 0.7669828296875 0.8170607625
0 0.7674099875 0.7813978578125 0.7616433546875 0.7769125953125 0.7614297750000001 0.754059121875 0.6334959359375001 0.7538455390625 0.6337095140625 0.7905819640625 0.704617753125 0.78951404375 0.7048313312500001 0.8029698281250001 0.7616208671875 0.8029509906250001 0.7620705125 0.7978438156250001 0.767196409375 0.7918634671875 0.7674099875 0.7813978578125
0 0.7103906249999999 0.71196875 0.6490781250000001 0.71196875 0.6490781250000001 0.7438125 0.7103906249999999 0.7438125 0.7103906249999999 0.71196875
0 0.6499453125 0.6707578125 0.6319921875000001 0.6707578125 0.6319921875000001 0.6987421875 0.6499453125 0.6987421875 0.6499453125 0.6707578125
0 0.6493046875 0.7119765625000001 0.6326328125 0.7119765625000001 0.6326328125 0.7361171875 0.6493046875 0.7361171875 0.6493046875 0.7119765625000001
0 0.632640625 0.6293203125 0.605515625 0.6293203125 0.605515625 0.6577421875 0.632640625 0.6577421875 0.632640625 0.6293203125
0 0.7669828296875 0.6842284000000001 0.7603618796875 0.679956721875 0.7603618796875 0.6714133671875 0.6499415203125001 0.6711997828125 0.6501551 0.698752103125 0.70013259375 0.6985385187500001 0.7003461718749999 0.7070818734375 0.7611937546875 0.7070641609375 0.761216196875 0.69811135 0.7665556718750001 0.6929853375 0.7669828296875 0.6842284000000001
0 0.7601483015625 0.6647922671875001 0.759934721875 0.6545402421875 0.7654877765625 0.650909315625 0.76506061875 0.6410844578125 0.7603618796875 0.63830786875 0.7603618796875 0.6293373453125 0.6328551984375 0.6297645140625 0.6330599078125 0.6577326296875 0.6992782765625 0.657744 0.6990646984375 0.6647922671875001 0.7601483015625 0.6647922671875001
0 0.7654877765625 0.5996603890625 0.7610026171875 0.595602296875 0.7603618796875 0.575311828125 0.7654877765625 0.5706129843750001 0.7661285140625 0.5610017093749999 0.7595075640625 0.5563028640625001 0.7595075640625 0.552244771875 0.7029091203125 0.5526719390625 0.7026955421875 0.5588658718749999 0.6334959359375001 0.5586522875 0.63328235625 0.6107667515624999 0.701841225 0.6101259984375 0.701841225 0.620164440625 0.758631078125 0.6207873703125 0.7597211421875001 0.6135433406249999 0.7652741984375 0.60969883125 0.7654877765625 0.5996603890625
0 0.7586484375 0.539421875 0.7020390625 0.539421875 0.7020390625 0.551609375 0.7586484375 0.551609375 0.7586484375 0.539421875
0 0.75843966875 0.5385838046875 0.76506061875 0.530254034375 0.7652741984375 0.519574840625 0.7588668265625 0.5161574984375 0.7588668265625 0.49650778281249996 0.7639927234375 0.4924496890625 0.76441988125 0.481770496875 0.7597211421875001 0.47749881875 0.7597211421875001 0.47365430937499997 0.700986909375 0.473440725 0.7012004890625 0.480275409375 0.63328235625 0.48048899375 0.6330599078125 0.530880121875 0.7022683828125 0.5298268671875 0.7024819625000001 0.5390109734374999 0.75843966875 0.5385838046875
0 0.6463106765625 0.3741354296875 0.6460970984375 0.40061982812499997 0.6875314296874999 0.4004062453125 0.6875314296874999 0.408736015625 0.64588351875 0.408736015625 0.6460970984375 0.457219553125 0.687104271875 0.4574331375 0.68689069375 0.4617048140625 0.74752614375 0.46126073125 0.7471199796875 0.36922299999999997 0.6866771140625 0.3696501671875 0.68689069375 0.3739218453125 0.6463106765625 0.3741354296875
0 0.7347323968749999 0.345315609375 0.7402854515625 0.34083034843750004 0.740071871875 0.33228699375000004 0.7347323968749999 0.3275881484375 0.7347323968749999 0.2970456546875 0.7402854515625 0.2906381390625 0.7402854515625 0.278250275 0.7347323968749999 0.2731242625 0.7347323968749999 0.269279753125 0.68689069375 0.2697069203125 0.68689069375 0.257105471875 0.648660046875 0.25731905624999996 0.6484464671875 0.313705196875 0.620894771875 0.3132780296875 0.6211083515625 0.3485193671875 0.6484464671875 0.3485193671875 0.6484464671875 0.358130640625 0.6864490109375 0.357899428125 0.68560921875 0.3502280375 0.7347323968749999 0.35001445468750003 0.7347323968749999 0.345315609375
0 0.734945975 0.2122696625 0.7402854515625 0.2075708171875 0.7402854515625 0.193687865625 0.7355867125 0.190056940625 0.7355867125 0.17403815 0.741566925 0.16634913125 0.7417805046875 0.1560971046875 0.7358002921875 0.15075750937500002 0.7358002921875 0.14456357656250002 0.6875314296874999 0.1443499921875 0.6875314296874999 0.1368745578125 0.6535723640625 0.1366609734375 0.6535723640625 0.225298278125 0.6866625671875 0.2252808953125 0.68624995625 0.21995868125 0.7347323968749999 0.2188907625 0.734945975 0.2122696625
0 0.7358002921875 0.10185800468749999 0.7411397671875 0.0980134953125 0.7409261875 0.08284904062500001 0.7358002921875 0.07900453125 0.7358002921875 0.0531608828125 0.7407126093749999 0.049743540625 0.7411397671875 0.036714924999999995 0.7358002921875 0.030734576562499998 0.7358002921875 0.0192010484375 0.6879585890625 0.0192010484375 0.6879585890625 0.0102305265625 0.6542131015625 0.010444109375 0.65378594375 0.065548746875 0.6307194078125 0.06533516406249999 0.6305058296875 0.10271234062500001 0.65378594375 0.1029259234375 0.65378594375 0.12086696875 0.6883710187500001 0.120851809375 0.6881721671875 0.11296436562500001 0.7353731328124999 0.113391534375 0.7358002921875 0.10185800468749999
0 0.1744421890625 0.0011824578125 0.1744421890625 0.0463893953125 0.18460898125 0.046207840625 0.18424588125000002 0.078524446875 0.29081564375 0.078524446875 0.2902709953125 0.0567379703125 0.24614020781249998 0.056544207812500004 0.24597283124999997 0.036948589062499995 0.2893632453125 0.0362223734375 0.2893632453125 0.0013640125 0.1744421890625 0.0011824578125