0 0.118296875 0.004242187499999999 0.089640625 0.004242187499999999 0.089640625 0.0656953125 0.118296875 0.0656953125 0.118296875 0.004242187499999999
0 0.08988281249999999 0.1025234375 0.0634296875 0.1025234375 0.0634296875 0.13150781250000002 0.08988281249999999 0.13150781250000002 0.08988281249999999 0.1025234375
0 0.08887500000000001 0.14517968750000002 0.06343750000000001 0.14517968750000002 0.06343750000000001 0.1807578125 0.08887500000000001 0.1807578125 0.08887500000000001 0.14517968750000002
0 0.08985156250000001 0.180515625 0.0647421875 0.180515625 0.0647421875 0.203359375 0.08985156250000001 0.203359375 0.08985156250000001 0.180515625
0 0.0891328125 0.23382031250000002 0.0652109375 0.23382031250000002 0.0652109375 0.25949218749999997 0.0891328125 0.25949218749999997 0.0891328125 0.23382031250000002
0 0.09034375 0.2597578125 0.0655 0.2597578125 0.0655 0.28996093749999996 0.09034375 0.28996093749999996 0.09034375 0.2597578125
0 0.0891171875 0.317125 0.0664765625 0.317125 0.0664765625 0.3435625 0.0891171875 0.3435625 0.0891171875 0.317125
0 0.089078125 0.3443359375 0.066265625 0.3443359375 0.066265625 0.3727578125 0.089078125 0.3727578125 0.089078125 0.3443359375
0 0.089125 0.397890625 0.06546874999999999 0.397890625 0.06546874999999999 0.423046875 0.089125 0.423046875 0.089125 0.397890625
0 0.08984375 0.42330468750000005 0.0655 0.42330468750000005 0.0655 0.45122656250000004 0.08984375 0.45122656250000004 0.08984375 0.42330468750000005
0 0.3255437171875 0.070132446875 0.39124746718750003 0.069894384375 0.391485525 0.0632286359375 0.3983891796875 0.0568009484375 0.397913065625 0.0413268890625 0.39172358125 0.038232078125 0.391485525 0.029423767187499998 0.26673106406249997 0.0306007015625 0.266505565625 0.060848010937499995 0.3255437171875 0.060848010937499995 0.3255437171875 0.070132446875
0 0.383153528125 0.23818893281250003 0.383153528125 0.22795224687500001 0.39029523906249997 0.2210484359375 0.3900571828125 0.20533631406250002 0.38148712812499996 0.200575065625 0.3817251859375 0.1870055046875 0.388866896875 0.18153006875 0.3893430109375 0.169150821875 0.3822013 0.163675384375 0.3819632421875 0.1601044484375 0.2960246421875 0.1601044484375 0.2960246421875 0.169388884375 0.259363853125 0.1698650078125 0.25959010781249997 0.22911926718750003 0.29697687031250003 0.22842837187499998 0.29697687031250003 0.2379508703125 0.383153528125 0.23818893281250003
0 0.1627249125 0.0306084484375 0.163677140625 0.1463068015625 0.2753002109375 0.1472363109375 0.2743736765625 0.0798873765625 0.24033151562500002 0.0798873765625 0.24056957343750002 0.0306084484375 0.1627249125 0.0306084484375
0 0.1636796875 0.07964062499999999 0.12700781249999998 0.07964062499999999 0.12700781249999998 0.146078125 0.1636796875 0.146078125 0.1636796875 0.07964062499999999
0 0.1627265625 0.030367187499999997 0.1272421875 0.030367187499999997 0.1272421875 0.0806015625 0.1627265625 0.0806015625 0.1627265625 0.030367187499999997
0 0.16343749999999999 0.0022734375000000003 0.12771875 0.0022734375000000003 0.12771875 0.0301328125 0.16343749999999999 0.0301328125 0.16343749999999999 0.0022734375000000003
0 0.1612578125 0.1998046875 0.1272734375 0.1998046875 0.1272734375 0.2398515625 0.1612578125 0.2398515625 0.1612578125 0.1998046875
0 0.16040625 0.14434375 0.12659375 0.14434375 0.12659375 0.20153125 0.16040625 0.20153125 0.16040625 0.14434375
0 0.0925703125 0.729625 0.0646796875 0.729625 0.0646796875 0.75228125 0.0925703125 0.75228125 0.0925703125 0.729625
0 0.0925703125 0.7019453125 0.0639296875 0.7019453125 0.0639296875 0.7300234375 0.0925703125 0.7300234375 0.0925703125 0.7019453125
0 0.0914453125 0.6505 0.06299218749999999 0.6505 0.06299218749999999 0.680625 0.0914453125 0.680625 0.0914453125 0.6505
0 0.0921953125 0.6214999999999999 0.0626171875 0.6214999999999999 0.0626171875 0.6514375 0.0921953125 0.6514375 0.0921953125 0.6214999999999999
0 0.0916015625 0.5597109375 0.062054687500000004 0.5597109375 0.062054687500000004 0.6042578125 0.0916015625 0.6042578125 0.0916015625 0.5597109375
0 0.1693828125 0.32965625 0.1420234375 0.32965625 0.1420234375 0.3726875 0.1693828125 0.3726875 0.1693828125 0.32965625
0 0.169375 0.37096874999999996 0.1428125 0.37096874999999996 0.1428125 0.41703124999999996 0.169375 0.41703124999999996 0.169375 0.37096874999999996
0 0.3859898984375 0.3788072765625 0.386181090625 0.36064355625 0.39268164375 0.35414285625 0.39249045 0.337317515625 0.38560751249999997 0.3344495609375 0.38560751249999997 0.3277576640625 0.3213667578125 0.3279488609375 0.320984371875 0.3409502609375 0.25349334218749997 0.339803078125 0.25349334218749997 0.40461887812499997 0.31123354375 0.40500127187499996 0.31123354375 0.415899503125 0.38692328125 0.4172193984375 0.38675466875 0.40767803125 0.3928728359375 0.40098613437499997 0.39268164375 0.38167523124999997 0.3859898984375 0.3788072765625
0 0.5828455328125 0 0.5786727 0.005563903125 0.5786727 0.018544021875 0.58386463125 0.021848053125 0.583628634375 0.035064174999999996 0.57725671875 0.0393122140625 0.57725671875 0.0534723453125 0.583628634375 0.055832367187499995 0.583628634375 0.061260417187500006 0.658657303125 0.0621820625 0.6586756265625 0.054416353125000004 0.6858152625 0.054416353125000004 0.685579265625 0.006271909375 0.6572596453124999 0.0065079109375 0.6570883890625 0 0.5828455328125 0
0 0.597552446875 0.0723401421875 0.59684445625 0.07918420468750001 0.5909445359375 0.08343224375 0.5909445359375 0.10113240781249999 0.596608459375 0.10396443281250001 0.5963724625 0.1289806640625 0.5902365453125 0.1337007078125 0.5909445359375 0.15022085937500002 0.597552446875 0.154232896875 0.59731645 0.165088996875 0.5911805328125 0.169101034375 0.5909445359375 0.181373146875 0.5977884437500001 0.18514918281249998 0.59731645 0.21794110781249998 0.5914165296875 0.22266115156250002 0.5914165296875 0.23823729531249999 0.5980244406249999 0.24248533437500003 0.6591476203125 0.2427213359375 0.6591476203125 0.2365852796875 0.7002110703125 0.23611327499999998 0.7004470671874999 0.16932465937500002 0.6586756265625 0.16861665312500002 0.6584396296875 0.1495004765625 0.69948043125 0.149255671875 0.6983230953125 0.085792265625 0.6577316390625 0.0860282671875 0.6574956421875 0.0718681375 0.597552446875 0.0723401421875
0 0.888625 0 0.888625 0.0150234375 0.9143437499999999 0.0150234375 0.9143437499999999 0 0.888625 0
0 0.9143437499999999 0.013734374999999998 0.888625 0.013734374999999998 0.888625 0.06029687500000001 0.9143437499999999 0.06029687500000001 0.9143437499999999 0.013734374999999998
0 0.9234609375 0.05965625 0.8879765624999999 0.05965625 0.8879765624999999 0.1006875 0.9234609375 0.1006875 0.9234609375 0.05965625
0 0.915 0.099734375 0.88928125 0.099734375 0.88928125 0.131640625 0.915 0.131640625 0.915 0.099734375
0 0.91596875 0.1306875 0.8895937500000001 0.1306875 0.8895937500000001 0.16421875 0.91596875 0.16421875 0.91596875 0.1306875
0 0.9169453125 0.16359375 0.8899296874999999 0.16359375 0.8899296874999999 0.20950000000000002 0.9169453125 0.20950000000000002 0.9169453125 0.16359375
0 0.924765625 0.2214296875 0.8971718750000001 0.2214296875 0.8971718750000001 0.2726015625 0.924765625 0.2726015625 0.924765625 0.2214296875
0 0.87896875 0.24953124999999998 0.84978125 0.24953124999999998 0.84978125 0.28409375 0.87896875 0.28409375 0.87896875 0.24953124999999998
0 0.9186015624999999 0.279796875 0.8993046874999999 0.279796875 0.8993046874999999 0.314890625 0.9186015624999999 0.314890625 0.9186015624999999 0.279796875
0 0.9202031249999999 0.31328125 0.899328125 0.31328125 0.899328125 0.35075 0.9202031249999999 0.35075 0.9202031249999999 0.31328125
0 0.9201953125 0.3488984375 0.9001171875 0.3488984375 0.9001171875 0.3834140625 0.9201953125 0.3834140625 0.9201953125 0.3488984375
0 0.8535234375 0.283828125 0.8272890625 0.283828125 0.8272890625 0.325046875 0.8535234375 0.325046875 0.8535234375 0.283828125
0 0.853515625 0.324796875 0.828890625 0.324796875 0.828890625 0.359859375 0.853515625 0.359859375 0.853515625 0.324796875
0 0.8537968749999999 0.359328125 0.8291718749999999 0.359328125 0.8291718749999999 0.395734375 0.8537968749999999 0.395734375 0.8537968749999999 0.359328125
0 0.8540546875 0.3944140625 0.8291640625 0.3944140625 0.8291640625 0.4353671875 0.8540546875 0.4353671875 0.8540546875 0.3944140625
0 0.9207265625 0.38290625 0.9009296875 0.38290625 0.9009296875 0.41903125 0.9207265625 0.41903125 0.9207265625 0.38290625
0 0.8546015625000001 0.4340390625 0.8302421875 0.4340390625 0.8302421875 0.46989843750000004 0.8546015625000001 0.46989843750000004 0.8546015625000001 0.4340390625
0 0.905734375 0.4190390625 0.876015625 0.4190390625 0.876015625 0.4902421875 0.905734375 0.4902421875 0.905734375 0.4190390625
0 0.8545859374999999 0.477421875 0.8296953125 0.477421875 0.8296953125 0.520515625 0.8545859374999999 0.520515625 0.8545859374999999 0.477421875
0 0.9019921875 0.49000781250000003 0.8765703125 0.49000781250000003 0.8765703125 0.5258671875 0.9019921875 0.5258671875 0.9019921875 0.49000781250000003
0 0.9025234375 0.5250781250000001 0.8771015625 0.5250781250000001 0.8771015625 0.561734375 0.9025234375 0.561734375 0.9025234375 0.5250781250000001
0 0.8553984375000001 0.5191874999999999 0.8291640625 0.5191874999999999 0.8291640625 0.5628124999999999 0.8553984375000001 0.5628124999999999 0.8553984375000001 0.5191874999999999
0 0.8546015625000001 0.5615 0.8288984375 0.5615 0.8288984375 0.6061875 0.8546015625000001 0.6061875 0.8546015625000001 0.5615
0 0.8540546875 0.6303124999999999 0.8272890625 0.6303124999999999 0.8272890625 0.676875 0.8540546875 0.676875 0.8540546875 0.6303124999999999
0 0.9903437500000001 0.629765625 0.9006562499999999 0.629765625 0.9006562499999999 0.674734375 0.9903437500000001 0.674734375 0.9903437500000001 0.629765625
0 1 0.7245390625 0.9887421875 0.7245390625 0.9887421875 0.7786484375 1 0.7786484375 1 0.7245390625
0 1 0.6743879796875001 0.900392653125 0.6758212109375 0.8995893078125 0.7256297578125 0.93922101875 0.726433121875 0.9394888 0.700457696875 0.9898317828125001 0.6991187578125 0.9895640015625 0.7253619703124999 1 0.7254877078125 1 0.6743879796875001
0 0.9625234375 0.7507734375 0.8998515625 0.7507734375 0.8998515625 0.7797265624999999 0.9625234375 0.7797265624999999 0.9625234375 0.7507734375
0 0.8521875 0.7499687500000001 0.8122812500000001 0.7499687500000001 0.8122812500000001 0.7850625 0.8521875 0.7850625 0.8521875 0.7499687500000001
0 0.8529843749999999 0.78371875 0.8256718749999999 0.78371875 0.8256718749999999 0.81878125 0.8529843749999999 0.81878125 0.8529843749999999 0.78371875
0 0.96546875 0.8088749999999999 0.8993125 0.8088749999999999 0.8993125 0.8354062499999999 0.96546875 0.8354062499999999 0.96546875 0.8088749999999999
0 0.9863359375 0.8083515625000001 0.9646640625 0.8083515625000001 0.9646640625 0.8351171875000001 0.9863359375 0.8351171875000001 0.9863359375 0.8083515625000001
0 0.9215390625 0.858953125 0.8993046874999999 0.858953125 0.8993046874999999 0.8940468750000001 0.9215390625 0.8940468750000001 0.9215390625 0.858953125
0 0.9223359375 0.8929765625 0.8993203125000001 0.8929765625 0.8993203125000001 0.9288359375 0.9223359375 0.9288359375 0.9223359375 0.8929765625
0 0.8521953124999999 0.8552031250000001 0.8227421874999999 0.8552031250000001 0.8227421874999999 0.8940468750000001 0.8521953124999999 0.8940468750000001 0.8521953124999999 0.8552031250000001
0 0.8521953124999999 0.9108906250000001 0.8189921874999999 0.9108906250000001 0.8189921874999999 0.9379531249999999 0.8521953124999999 0.9379531249999999 0.8521953124999999 0.9108906250000001
0 0.819 0.9116953125 0.78525 0.9116953125 0.78525 0.9376796875 0.819 0.9376796875 0.819 0.9116953125
0 0.6385687203125 1 0.63829653125 0.9813999140625 0.6937200265625 0.9818756625 0.6932442890625 0.9250236640624999 0.6375829234375 0.9250236640624999 0.6375829234375 0.8945757328124999 0.5890576296875001 0.8943378578125 0.5898169296875 1 0.6385687203125 1
0 0.5979362421875 0.793180696875 0.5979362421875 0.8780403421875 0.7175388890625001 0.8782270499999999 0.7175549609375 0.8068809296874999 0.6705253796874999 0.8068809296874999 0.6705253796874999 0.792976215625 0.5979362421875 0.793180696875
0 0.66725 0.692171875 0.5973124999999999 0.692171875 0.5973124999999999 0.766203125 0.66725 0.766203125 0.66725 0.692171875
0 0.6946328125 0.692375 0.6660234375 0.692375 0.6660234375 0.7191562499999999 0.6946328125 0.7191562499999999 0.6946328125 0.692375
0 0.6455625 0.632890625 0.5731875 0.632890625 0.5731875 0.662734375 0.6455625 0.662734375 0.6455625 0.632890625
0 0.64598820625 0.5928187390625 0.7167370546875 0.5928187390625 0.7167370546875 0.563577946875 0.573808021875 0.5641913890625 0.5726871421874999 0.6328970296875001 0.64598820625 0.6331015109375 0.64598820625 0.5928187390625
0 0.5833199171875 0.5016335875 0.5902721171875001 0.5063366515625 0.5904765921874999 0.532714709375 0.5833199171875 0.540689471875 0.5833199171875 0.5531628171875 0.5912944984374999 0.5597062109375 0.5912944984374999 0.5637958328125 0.6436404671875 0.5635913515625 0.64384494375 0.5484597531250001 0.693123765625 0.5486642328125 0.692919290625 0.5417118765625 0.7135714109375 0.5415073953125 0.7135714109375 0.49795292812499997 0.6923058609375 0.49774844687500003 0.692101384375 0.48956920468750004 0.644253896875 0.48977368437499996 0.64384494375 0.4779137828125 0.5898560578125001 0.47810903437499996 0.5898631640625001 0.483434771875 0.583933346875 0.487728875 0.5833199171875 0.5016335875
0 0.7096863578125 0.38509278281250003 0.709072928125 0.3376531734375 0.6555001015624999 0.3378576546875 0.6555001015624999 0.31291096406249996 0.6824909921875 0.31260995 0.6820820390625 0.2872542984375 0.709890834375 0.287458778125 0.7096863578125 0.2614896828125 0.6542732421874999 0.26108072031249996 0.6542732421874999 0.2502432234375 0.5970198390625 0.2500387421875 0.5974287921875 0.25290147812499997 0.5921124046874999 0.2578090234375 0.591907928125 0.2700778875 0.5988601265625 0.2751899140625 0.5988601265625 0.2978873140625 0.592725834375 0.3046351890625 0.5925213578124999 0.3183354203125 0.5992690796875 0.3230384859375 0.5988601265625 0.33305805781250003 0.5933392625 0.33714767968750003 0.5931347859375 0.3502344671875 0.5992690796875 0.3549375328125 0.5992690796875 0.3638866265625 0.5935437390625 0.36961209687499996 0.5933392625 0.38760643125 0.5992690796875 0.391082609375 0.5992690796875 0.397012559375 0.5933392625 0.40192010624999996 0.5933392625 0.41623378125 0.599064603125 0.4207323640625 0.5992690796875 0.44205135 0.592725834375 0.4469588953125 0.5925213578124999 0.46086360937500004 0.599064603125 0.4661801171875 0.599064603125 0.46945181406250003 0.65631800625 0.4688383703125 0.65631800625 0.45922776093750006 0.710893290625 0.45929919375 0.7105042640625 0.4094260296875 0.65611353125 0.41003947343749997 0.655704578125 0.38550174375 0.7096863578125 0.38509278281250003