0 0.2097504640625 0.015114134375 0.2099620953125 0.02188650625 0.2036131390625 0.026965785937499997 0.2036131390625 0.03775925625 0.2099620953125 0.0434734453125 0.21017372812500001 0.051727274999999996 0.20297824375 0.0561716453125 0.2027666125 0.06908148125 0.2097504640625 0.0724676671875 0.2097504640625 0.0805098609375 0.272816759375 0.08029822343750001 0.272816759375 0.0741607609375 0.3398749875 0.0739311109375 0.339692428125 0.0199817765625 0.272816759375 0.0201934140625 0.27260512812500004 0.0144792234375 0.2097504640625 0.015114134375
0 0.20403640312500002 0.087273909375 0.20403640312500002 0.11182376093749999 0.21059699062499998 0.11224703437500001 0.21038535937499997 0.1329874265625 0.203824771875 0.1329874265625 0.203824771875 0.15351618281249998 0.272816759375 0.15351618281249998 0.27260512812500004 0.1463205359375 0.3646649890625 0.1454739890625 0.3650882515625 0.1209241375 0.3443187859375 0.12112001875 0.34413669687500004 0.09341137187500001 0.2732400234375 0.09383464531249999 0.2734516546875 0.0876971828125 0.20403640312500002 0.087273909375
0 0.34455996093749997 0.15879877343749998 0.20953883125 0.1585871375 0.2093272 0.1657827828125 0.20318987656249998 0.1708620625 0.20297824375 0.18504171875 0.2097504640625 0.18990936249999998 0.2097504640625 0.1935071859375 0.2725831828125 0.19412527968749999 0.27260512812500004 0.18673481249999999 0.3443483296875 0.18673481249999999 0.34455996093749997 0.15879877343749998
0 0.3253014609375 0.2004856453125 0.2097504640625 0.1998507359375 0.2097504640625 0.23455914687499999 0.26136788125 0.23517751250000002 0.2613886390625 0.2275751375 0.3248781984375 0.2269402265625 0.3253014609375 0.2004856453125
0 0.34857031250000003 0.269875 0.3261171875 0.269875 0.3261171875 0.30375 0.34857031250000003 0.30375 0.34857031250000003 0.269875
0 0.34834375 0.30290625000000004 0.327 0.30290625000000004 0.327 0.3329375 0.34834375 0.3329375 0.34834375 0.30290625000000004
0 0.3261479890625 0.26968250781249997 0.2656212765625 0.26968250781249997 0.2656212765625 0.2633334078125 0.20065029375000001 0.26354504375 0.2000153984375 0.2906345359375 0.2067876171875 0.2906345359375 0.20657598593749998 0.31920548437499996 0.199592134375 0.31920548437499996 0.199803765625 0.3401575140625 0.26581167968749997 0.339924190625 0.26540964375 0.333173503125 0.3269945171875 0.3335967765625 0.3261479890625 0.26968250781249997
0 0.2656212765625 0.359402575 0.190915228125 0.35919093750000003 0.190915228125 0.383529153125 0.19832234375 0.38331751718749996 0.198533975 0.3943226234375 0.32675520156250004 0.3936729921875 0.32593635781249997 0.36427021718749997 0.26604453906250003 0.36511676406250004 0.2656212765625 0.359402575
0 0.19281991406250001 0.4013010828125 0.19281991406250001 0.408920003125 0.186894221875 0.41294109843750004 0.18668259062499998 0.42817893749999997 0.1936664421875 0.4334698546875 0.19281991406250001 0.44722623749999996 0.186894221875 0.4533637 0.18668259062499998 0.4662735359375 0.1943013375 0.47283427187499993 0.2584257921875 0.47219936249999994 0.258637425 0.4633106234375 0.3276016390625 0.46371572031249997 0.3272061484375 0.41167127812500004 0.258002528125 0.411882915625 0.258002528125 0.40172435625 0.19281991406250001 0.4013010828125
0 0.46876562499999996 0.1556171875 0.442296875 0.1556171875 0.442296875 0.2006953125 0.46876562499999996 0.2006953125 0.46876562499999996 0.1556171875
0 0.46707031250000003 0.2142265625 0.44292968750000006 0.2142265625 0.44292968750000006 0.24005468749999997 0.46707031250000003 0.24005468749999997 0.46707031250000003 0.2142265625
0 0.5210390625 0.2311640625 0.49477343749999997 0.2311640625 0.49477343749999997 0.26989843750000003 0.5210390625 0.26989843750000003 0.5210390625 0.2311640625
0 0.5214296875 0.26968749999999997 0.49478906250000004 0.26968749999999997 0.49478906250000004 0.307125 0.5214296875 0.307125 0.5214296875 0.26968749999999997
0 0.4683359375 0.2609921875 0.4302265625 0.2609921875 0.4302265625 0.30163281249999996 0.4683359375 0.30163281249999996 0.4683359375 0.2609921875
0 0.4678984375 0.3012265625 0.4300390625 0.3012265625 0.4300390625 0.34733593749999997 0.4678984375 0.34733593749999997 0.4678984375 0.3012265625
0 0.777508528125 0.374858825 0.777508528125 0.3608908046875 0.7715828359375 0.3553882515625 0.7715828359375 0.3414202328125 0.7764503687500001 0.3361293171875 0.776662 0.3215263875 0.77221773125 0.3172936546875 0.7724293624999999 0.31454237812499997 0.7072467484375 0.3149656515625 0.7070351171875 0.3219496609375 0.6532806234375 0.3219496609375 0.65391551875 0.3814195609375 0.706823484375 0.381207925 0.7070351171875 0.3869221140625 0.7694421734375 0.3871130984375 0.7717944671875 0.38565229375 0.7715828359375 0.3788799203125 0.777508528125 0.374858825
0 0.77687363125 0.27921015625 0.7701014125000001 0.27455415 0.7701014125000001 0.2599512203125 0.7783550546875 0.2550835765625 0.776662 0.2449250171875 0.7709479390625 0.24069228437499998 0.769254884375 0.236882825 0.71211428125 0.236036278125 0.71211428125 0.2425970140625 0.6585714203124999 0.242385378125 0.6585714203124999 0.29381308437500003 0.7119026500000001 0.29360144843749997 0.7119026500000001 0.2982574546875 0.7705002203125 0.2982371296875 0.7707363078125 0.2952945421875 0.7770852640625 0.29042689843749997 0.77687363125 0.27921015625
0 0.7709479390625 0.18673048750000001 0.6710577 0.185883940625 0.6714809640625 0.220380715625 0.7106328578125 0.221015625 0.710844490625 0.22884618125 0.7675618296875 0.229481090625 0.775155628125 0.2281944015625 0.77433405 0.20471960312499998 0.771371203125 0.204507965625 0.7709479390625 0.18673048750000001
0 0.77031304375 0.176571928125 0.775603840625 0.173185740625 0.775815471875 0.1492707984375 0.7705246765625 0.148847525 0.711056121875 0.148847525 0.711056121875 0.153080259375 0.6712553875 0.1524382171875 0.67084606875 0.1863072140625 0.7701014125000001 0.18651884999999999 0.77031304375 0.176571928125
0 0.775815471875 0.1359460140625 0.775603840625 0.1217663578125 0.7705246765625 0.118168534375 0.77031304375 0.0955234125 0.7760271046875 0.090232496875 0.775603840625 0.0733015640625 0.7701014125000001 0.0718201078125 0.7701014125000001 0.0622964578125 0.711056121875 0.0625080953125 0.711056121875 0.0703386515625 0.646296771875 0.0703386515625 0.6469316671875001 0.13340637500000002 0.7108263546875 0.1333933671875 0.710844490625 0.1393322 0.771371203125 0.1395438375 0.775815471875 0.1359460140625
0 0.68163929375 0 0.68163929375 0.0496121328125 0.7112677546875 0.049400496875 0.7114793859375 0.05363322968749999 0.7675618296875 0.05363322968749999 0.7762387359375 0.0455910359375 0.7762387359375 0.031623017187500005 0.7696781484375 0.0267553734375 0.7696781484375 0.0182899078125 0.775603840625 0.012998992187499999 0.7758038203125001 0 0.68163929375 0
0 0.6562265625 0 0.6562265625 0.0489921875 0.6814296875 0.0489921875 0.6814296875 0 0.6562265625 0
0 0.4682734375 0.023429687499999997 0.44272656250000003 0.023429687499999997 0.44272656250000003 0.0453203125 0.4682734375 0.0453203125 0.4682734375 0.023429687499999997
0 0.4679296875 0.045015625 0.4430703125 0.045015625 0.4430703125 0.084765625 0.4679296875 0.084765625 0.4679296875 0.045015625
0 0.4688359375 0.34740625 0.4427578125 0.34740625 0.4427578125 0.36712500000000003 0.4688359375 0.36712500000000003 0.4688359375 0.34740625
0 0.46822656250000005 0.3677421875 0.4442734375 0.3677421875 0.4442734375 0.4020390625 0.46822656250000005 0.4020390625 0.46822656250000005 0.3677421875
0 0.46791406249999995 0.401453125 0.4366796875 0.401453125 0.4366796875 0.432703125 0.46791406249999995 0.432703125 0.46791406249999995 0.401453125
0 0.46852343750000003 0.4324296875 0.43638281250000005 0.4324296875 0.43638281250000005 0.4767265625 0.46852343750000003 0.4767265625 0.46852343750000003 0.4324296875
0 0.4694296875 0.5678203125 0.44153906249999997 0.5678203125 0.44153906249999997 0.5957421875 0.4694296875 0.5957421875 0.4694296875 0.5678203125
0 0.4694296875 0.5954609375000001 0.44063281249999997 0.5954609375000001 0.44063281249999997 0.6282265625 0.4694296875 0.6282265625 0.4694296875 0.5954609375000001
0 0.47034374999999995 0.64678125 0.4430625 0.64678125 0.4430625 0.6743750000000001 0.47034374999999995 0.6743750000000001 0.47034374999999995 0.64678125
0 0.47035937499999997 0.6737968750000001 0.442765625 0.6737968750000001 0.442765625 0.699578125 0.47035937499999997 0.699578125 0.47035937499999997 0.6737968750000001
0 0.46974218749999996 0.7223671875 0.4427578125 0.7223671875 0.4427578125 0.7469453125000001 0.46974218749999996 0.7469453125000001 0.46974218749999996 0.7223671875
0 0.47066406250000004 0.746671875 0.44458593750000003 0.746671875 0.44458593750000003 0.775484375 0.47066406250000004 0.775484375 0.47066406250000004 0.746671875
0 0.5514140624999999 0.7208593750000001 0.5314296875 0.7208593750000001 0.5314296875 0.7554531250000001 0.5514140624999999 0.7554531250000001 0.5514140624999999 0.7208593750000001
0 0.532328125 0.6850078125 0.497671875 0.6850078125 0.497671875 0.7226796875 0.532328125 0.7226796875 0.532328125 0.6850078125
0 0.5323359375 0.7214609375000001 0.4979765625 0.7214609375000001 0.4979765625 0.7563515625 0.5323359375 0.7563515625 0.5323359375 0.7214609375000001
0 0.46948437500000006 1 0.46948437500000006 0.9911328125000001 0.418359375 0.9911328125000001 0.418359375 1 0.46948437500000006 1
0 0.4698203125 0.95809375 0.45071093749999996 0.95809375 0.45071093749999996 0.9840937500000001 0.4698203125 0.9840937500000001 0.4698203125 0.95809375
0 0.47087500000000004 0.922265625 0.45071874999999995 0.922265625 0.45071874999999995 0.958359375 0.47087500000000004 0.958359375 0.47087500000000004 0.922265625
0 0.537296875 0.86521875 0.497671875 0.86521875 0.497671875 0.9375 0.537296875 0.9375 0.537296875 0.86521875
0 0.6294691375 0.847044059375 0.70569108125 0.8481673109375001 0.705288965625 0.81332213125 0.629121340625 0.8129744828125001 0.6294691375 0.847044059375
0 0.19274992500000002 0.4792088609375 0.1924155046875 0.4838887484375 0.18773361718749998 0.48923719062500004 0.187399196875 0.5066196281249999 0.1934187671875 0.511299515625 0.193084346875 0.5346989515625 0.18773361718749998 0.539713115625 0.187399196875 0.5527499437500001 0.194422028125 0.5580983859375 0.19375318749999998 0.5607726078125 0.258630775 0.5607726078125 0.2582963546875 0.5537527765625 0.327891021875 0.5538123359375 0.3271869890625 0.487231525 0.258630775 0.4885686359375 0.258630775 0.4792088609375 0.19274992500000002 0.4792088609375
0 0.195425290625 0.5608154609375 0.194422028125 0.632350878125 0.259299615625 0.633019434375 0.259299615625 0.6273367140625 0.32822549843750004 0.6273970656250001 0.32752140937499996 0.5678352921875 0.2589651953125 0.5678352921875 0.2589651953125 0.5611497390625 0.195425290625 0.5608154609375
0 0.1947564484375 0.6384107296875 0.19509086874999998 0.7056005375 0.2589651953125 0.705266259375 0.2596340359375 0.69858070625 0.32822549843750004 0.6989749390625 0.32819025 0.643759171875 0.259299615625 0.6447620046875 0.259299615625 0.6384107296875 0.1947564484375 0.6384107296875
0 0.19509086874999998 0.711304684375 0.1947564484375 0.779163046875 0.259299615625 0.779163046875 0.25996845625 0.7738146046875001 0.32822549843750004 0.7738975734375 0.32752140937499996 0.7213330140624999 0.258630775 0.7206644578125 0.258630775 0.7116389609375 0.19509086874999998 0.711304684375
0 0.194422028125 0.7899027859375 0.194422028125 0.797591171875 0.18773361718749998 0.8029396140625 0.18773361718749998 0.8176478296875 0.19375318749999998 0.8216591624999999 0.194422028125 0.8263390484375 0.263981503125 0.8270076046874999 0.30615007968749997 0.8264103125 0.3054496515625 0.797591171875 0.2633126625 0.797591171875 0.263981503125 0.7895685078125 0.194422028125 0.7899027859375
0 0.272007596875 0.8364102328125 0.19509086874999998 0.8364102328125 0.194422028125 0.841758675 0.1890713 0.8477756718749999 0.1890713 0.8604782234374999 0.1947564484375 0.8644895546875 0.1947564484375 0.8695037187500001 0.2723420171875 0.8695037187500001 0.272007596875 0.8671637765625 0.3081569359375 0.8678853421875001 0.307456175 0.8424272296875 0.2716731765625 0.8430957859375001 0.272007596875 0.8364102328125
0 0.272007596875 0.878216365625 0.195425290625 0.8785506421875 0.19509086874999998 0.8902503609375 0.1890713 0.8939274140625001 0.1890713 0.9072985203125 0.195425290625 0.9126469625 0.19509086874999998 0.9186639609375 0.272007596875 0.9179954046875001 0.2716731765625 0.9089699093749999 0.30782245937499997 0.909360371875 0.30812501718749996 0.8832305296875 0.272007596875 0.8832305296875 0.272007596875 0.878216365625
0 0.26364708281250004 0.9250580890625001 0.256958671875 0.933080753125 0.24893257812499997 0.9257266453125 0.1957597109375 0.9260609234375 0.195425290625 0.9350864187499999 0.1890713 0.9390977515625 0.1894057203125 0.9497946359375 0.195425290625 0.955143078125 0.1947564484375 0.9721912390625 0.1890713 0.9778739578125 0.1890713 0.9879022875000001 0.19910391562500002 0.9935850078125 0.24960142031250002 0.9919136203125 0.25562098906249997 0.9868994546875 0.25996845625 0.9929164531250001 0.291738409375 0.9925821750000001 0.2914039890625 0.9845595109374999 0.3242117859375 0.9846174828125 0.324177203125 0.9310750875 0.29006630625 0.9310750875 0.29006630625 0.9247238125000001 0.26364708281250004 0.9250580890625001
0 0.7760964234375 1 0.77609128125 0.9986714624999999 0.7804597765625 0.9966560953125001 0.780795815625 0.9848997875000001 0.7750831671875 0.9798613703125 0.7750831671875 0.9674332734375 0.7818039296875 0.9650820109374999 0.7818039296875 0.9529898093750001 0.7750831671875 0.94862318125 0.7754192046874999 0.9422411859375 0.7172846140625 0.9425770796874999 0.7176206515625 0.94862318125 0.653437375 0.948959075 0.6531013359375 0.997327884375 0.718628765625 0.9979996734375 0.718533471875 1 0.7760964234375 1
0 0.7613056046875 0.9179921890625 0.75492088125 0.9122819828125 0.75525691875 0.8911206296874999 0.76164164375 0.8844027390625 0.76164164375 0.8729823265625001 0.75458484375 0.8689515921875 0.75458484375 0.8652567515625 0.701154784375 0.8649208578125 0.7001466703125 0.8723105375 0.6914096796875 0.8716387484375 0.6860330703125 0.8662644359374999 0.6742717375 0.8662644359374999 0.6699032421875 0.87264643125 0.627226403125 0.8736541156250001 0.6265543265625 0.9280690249999999 0.6578058703125 0.9280690249999999 0.6688951265624999 0.9381458593750001 0.681664575 0.9378099656250001 0.6877132609375 0.9287408140625001 0.6977944046875 0.9287408140625001 0.6981304421875001 0.9361304921875 0.7556171125 0.936554940625 0.7555929578125 0.9314279703125001 0.760633528125 0.9287408140625001 0.7613056046875 0.9179921890625
0 0.7737390140625 0.8071039421874999 0.779115625 0.80240141875 0.779115625 0.789973321875 0.7734029765625 0.7866143765625 0.7730669390625 0.777545225 0.7088836609375 0.7782170140625 0.7088836609375 0.7862784828125 0.6487392640625 0.7863209859375 0.6487328406249999 0.81315004375 0.7737390140625 0.81315004375 0.7737390140625 0.8071039421874999
0 0.7777714718750001 0.7311487234375 0.7723948625 0.727789778125 0.7723948625 0.715697575 0.7770993953125 0.7130104203125 0.7777714718750001 0.697559271875 0.7730669390625 0.6952080109375001 0.7730669390625 0.6915131718749999 0.7088836609375 0.6911772765624999 0.7085476234375 0.6952080109375001 0.6752798515625 0.6955439046875 0.674607775 0.7455921859375 0.7095557375 0.74592808125 0.7102278140625 0.7553331265625001 0.77376618125 0.75439206875 0.7734029765625 0.7479434484375 0.7787795859375 0.7452562921875 0.7777714718750001 0.7311487234375
0 0.675609375 0.6959140625 0.6567968750000001 0.6959140625 0.6567968750000001 0.7230859374999999 0.675609375 0.7230859374999999 0.675609375 0.6959140625
0 0.6756171875 0.7210703125 0.6564765625 0.7210703125 0.6564765625 0.7459921875 0.6756171875 0.7459921875 0.6756171875 0.7210703125
0 0.7717227859375 0.6531566062499999 0.772058825 0.6414002984375 0.7777714718750001 0.6356900921874999 0.7781075093750001 0.624269678125 0.7723948625 0.6222543125 0.7723948625 0.61688 0.7092197 0.61688 0.7092197 0.624269678125 0.6749438125 0.6235978906249999 0.674607775 0.6756615375 0.7092197 0.6759974328125 0.7092197 0.68069995625 0.7727579 0.68179579375 0.7734029765625 0.6759974328125 0.7770993953125 0.6706231203125 0.777435434375 0.6595386015625 0.7717227859375 0.6531566062499999
0 0.6749453125 0.6236484375 0.6554609375 0.6236484375 0.6554609375 0.6484453125 0.6749453125 0.6484453125 0.6749453125 0.6236484375
0 0.6752734375 0.6487812500000001 0.6561328125 0.6487812500000001 0.6561328125 0.67540625 0.6752734375 0.67540625 0.6752734375 0.6487812500000001
0 0.7770993953125 0.584591065625 0.7717227859375 0.5802244375 0.7713867484375 0.5681322359375 0.7777714718750001 0.5597348734375001 0.7777714718750001 0.548314459375 0.7710507093750001 0.5429401484375 0.7710507093750001 0.5375658359375 0.707539509375 0.5379017296875 0.707539509375 0.5449555140625 0.655453603125 0.5449555140625 0.655789640625 0.60205758125 0.707875546875 0.60205758125 0.707875546875 0.6101190484375 0.7720857125 0.6108799890625 0.7713867484375 0.6027293703125001 0.777435434375 0.5980268468750001 0.7770993953125 0.584591065625
0 0.770378634375 0.502589746875 0.7710507093750001 0.48848217656250004 0.7770993953125 0.4827719703125 0.777435434375 0.47437460781249996 0.7700425953125001 0.4700079796875 0.7697065578125 0.464297771875 0.7061953562500001 0.4646336671875 0.7061953562500001 0.47067976875 0.6547815265625 0.47067976875 0.655453603125 0.5247587828125 0.707875546875 0.525094678125 0.7072034703125001 0.5314766734374999 0.7710774296875 0.53055355625 0.7710507093750001 0.5244228890625 0.777435434375 0.5173691046875 0.7777714718750001 0.50729226875 0.770378634375 0.502589746875
0 0.7764273203125 0.4346959953125 0.7700425953125001 0.42999347187500003 0.7700425953125001 0.417565375 0.7767633578125 0.41185516875 0.7767633578125 0.40043475624999997 0.7697065578125 0.3933809703125 0.7065313953125 0.39371686562499997 0.7065313953125 0.399091178125 0.6537734125 0.3997629671875 0.6537734125 0.452162509375 0.7061953562500001 0.45149072031250004 0.7068674328125 0.4558573484375 0.7704052421875 0.45526853125000005 0.7700425953125001 0.4501471421875 0.7764273203125 0.444101040625 0.7764273203125 0.4346959953125