0 0 0.6835312499999999 0.01028125 0.6835312499999999 0.01028125 0.66096875 0 0.66096875 0 0.6835312499999999
0 0.047445312499999996 0.6613359375 0.0102734375 0.6613359375 0.0102734375 0.6841953125 0.047445312499999996 0.6841953125 0.047445312499999996 0.6613359375
0 0.0788984375 0.66115625 0.0474765625 0.66115625 0.0474765625 0.683875 0.0788984375 0.683875 0.0788984375 0.66115625
0 0.11978124999999999 0.66134375 0.07893750000000001 0.66134375 0.07893750000000001 0.6835312499999999 0.11978124999999999 0.6835312499999999 0.11978124999999999 0.66134375
0 0.14264062500000002 0.661515625 0.120015625 0.661515625 0.120015625 0.683859375 0.14264062500000002 0.683859375 0.14264062500000002 0.661515625
0 0.220015625 0.5799140625 0.197171875 0.5799140625 0.197171875 0.6098359375 0.220015625 0.6098359375 0.220015625 0.5799140625
0 0.6761953125 0.20339843750000003 0.6380859375 0.20339843750000003 0.6380859375 0.2546015625 0.6761953125 0.2546015625 0.6761953125 0.20339843750000003
0 0.676578125 0.2548828125 0.655140625 0.2548828125 0.655140625 0.2859921875 0.676578125 0.2859921875 0.676578125 0.2548828125
0 0.68678125 0.28547656250000003 0.66015625 0.28547656250000003 0.66015625 0.32889843750000003 0.68678125 0.32889843750000003 0.68678125 0.28547656250000003
0 0.6858515625 0.32878124999999997 0.6549609375000001 0.32878124999999997 0.6549609375000001 0.3675 0.6858515625 0.3675 0.6858515625 0.32878124999999997
0 0.685109375 0.3678828125 0.644609375 0.3678828125 0.644609375 0.3978984375 0.685109375 0.3978984375 0.685109375 0.3678828125
0 0.6851015625 0.397984375 0.6606484375 0.397984375 0.6606484375 0.43276562500000004 0.6851015625 0.43276562500000004 0.6851015625 0.397984375
0 0.6854765625 0.4451171875 0.6611484375 0.4451171875 0.6611484375 0.47525781250000004 0.6854765625 0.47525781250000004 0.6854765625 0.4451171875
0 0.6845546875 0.47538281250000003 0.6611640624999999 0.47538281250000003 0.6611640624999999 0.5036796875 0.6845546875 0.5036796875 0.6845546875 0.47538281250000003
0 0.6854843749999999 0.5038046875 0.660484375 0.5038046875 0.660484375 0.5346640625 0.6854843749999999 0.5346640625 0.6854843749999999 0.5038046875
0 0.685109375 0.5355624999999999 0.659984375 0.5355624999999999 0.659984375 0.57196875 0.685109375 0.57196875 0.685109375 0.5355624999999999
0 0.6851015625 0.57284375 0.6601484375 0.57284375 0.6601484375 0.60721875 0.6851015625 0.60721875 0.6851015625 0.57284375
0 0.6851015625 0.6076015625 0.6639921875 0.6076015625 0.6639921875 0.6463671875 0.6851015625 0.6463671875 0.6851015625 0.6076015625
0 0.6852890625 0.646390625 0.6563046875 0.646390625 0.6563046875 0.696828125 0.6852890625 0.696828125 0.6852890625 0.646390625
0 0.684375 0.6972031249999999 0.6563125000000001 0.6972031249999999 0.6563125000000001 0.753984375 0.684375 0.753984375 0.684375 0.6972031249999999
0 0.6841796875 0.7540546875 0.6564765625 0.7540546875 0.6564765625 0.7911015625 0.6841796875 0.7911015625 0.6841796875 0.7540546875
0 0.6839999999999999 0.825921875 0.6553125 0.825921875 0.6553125 0.873484375 0.6839999999999999 0.873484375 0.6839999999999999 0.825921875
0 0.6838046875 0.8739062499999999 0.6546328124999999 0.8739062499999999 0.6546328124999999 0.91875 0.6838046875 0.91875 0.6838046875 0.8739062499999999
0 0.6838203125 0.9188750000000001 0.6538046875 0.9188750000000001 0.6538046875 0.9656874999999999 0.6838203125 0.9656874999999999 0.6838203125 0.9188750000000001
0 0.682875 1 0.682875 0.9663437500000001 0.653625 0.9663437500000001 0.653625 1 0.682875 1
0 0.75753125 1 0.75753125 0.9568125000000001 0.709125 0.9568125000000001 0.709125 1 0.75753125 1
0 0.7428671875 0.8907890625 0.7104765625 0.8907890625 0.7104765625 0.9206171875000001 0.7428671875 0.9206171875000001 0.7428671875 0.8907890625
0 0.7432421875 0.858359375 0.7101328125 0.858359375 0.7101328125 0.891265625 0.7432421875 0.891265625 0.7432421875 0.858359375
0 0.74546875 0.7226171875 0.71146875 0.7226171875 0.71146875 0.7582265625 0.74546875 0.7582265625 0.74546875 0.7226171875
0 0.7450859375000001 0.758390625 0.7106328125 0.758390625 0.7106328125 0.792765625 0.7450859375000001 0.792765625 0.7450859375000001 0.758390625
0 0.7462109375 0.6214765625 0.7119765625000001 0.6214765625 0.7119765625000001 0.6568984375 0.7462109375 0.6568984375 0.7462109375 0.6214765625
0 0.7462109375 0.5853671874999999 0.7119765625000001 0.5853671874999999 0.7119765625000001 0.6221640625 0.7462109375 0.6221640625 0.7462109375 0.5853671874999999
0 0.749546875 0.44713281250000003 0.712140625 0.44713281250000003 0.712140625 0.5487421875 0.749546875 0.5487421875 0.749546875 0.44713281250000003
0 0.747515625 0.3964765625 0.712984375 0.3964765625 0.712984375 0.4472421875 0.747515625 0.4472421875 0.747515625 0.3964765625
0 0.7474999999999999 0.3625390625 0.71196875 0.3625390625 0.71196875 0.3967109375 0.7474999999999999 0.3967109375 0.7474999999999999 0.3625390625
0 0.7491796875000001 0.304046875 0.7121953125 0.304046875 0.7121953125 0.352234375 0.7491796875000001 0.352234375 0.7491796875000001 0.304046875
0 0.7404531249999999 0.23517187499999997 0.718828125 0.23517187499999997 0.718828125 0.267765625 0.7404531249999999 0.267765625 0.7404531249999999 0.23517187499999997
0 0.7618125 0.166796875 0.7190000000000001 0.166796875 0.7190000000000001 0.235890625 0.7618125 0.235890625 0.7618125 0.166796875
0 0.8559687500000001 0.24503124999999998 0.83384375 0.24503124999999998 0.83384375 0.26690625 0.8559687500000001 0.26690625 0.8559687500000001 0.24503124999999998
0 0.8550390625000001 0.2677578125 0.8343359375 0.2677578125 0.8343359375 0.2936484375 0.8550390625000001 0.2936484375 0.8550390625000001 0.2677578125
0 0.9105277421875 0.3119533796875 0.9815822265625 0.3108799296875 0.9912422 0.304224525 0.990812878125 0.2874786671875 0.9826555296875 0.28254079062500004 0.982226209375 0.2505519140625 0.9912422 0.24561403125 0.990812878125 0.23080039375 0.9826555296875 0.22371560937499999 0.9116010703124999 0.22371560937499999 0.9116010703124999 0.23187384375 0.8557758156249999 0.2318536796875 0.85471455625 0.3033657609375 0.910742403125 0.3035804453125 0.9105277421875 0.3119533796875
0 0.9979921875000001 0.2535 0.9824453125 0.2535 0.9824453125 0.2816875 0.9979921875000001 0.2816875 0.9979921875000001 0.2535
0 0.8959304515625 0.44667517187500005 0.9373610078124999 0.44688985625 0.9373610078124999 0.434008428125 0.9794355703125 0.4337937421875 0.9794355703125 0.4299293140625 0.9991848390625 0.430144 0.9991848390625 0.4078161984375 0.979220909375 0.4080308953125 0.9794355703125 0.396222915625 0.9835142203125 0.3964376125 0.9890955437500001 0.3927878703125 0.9890955437500001 0.3756126375 0.9856608765624999 0.37260696875 0.9790062015625001 0.372821659375 0.9790062015625001 0.3698159953125 0.8957157671875 0.3700306875 0.8957157671875 0.380979896875 0.84418215 0.3810255234375 0.8441959156250001 0.43422312500000004 0.8961451125 0.4348671921875 0.8959304515625 0.44667517187500005
0 0.918427765625 0.54017495625 0.97831483125 0.5394805328125 0.9883827843749999 0.530626665625 0.9885564046875001 0.5200367296875 0.9795299406250001 0.515696596875 0.9795299406250001 0.4801074984375 0.9889035671874999 0.4742049171875 0.9889035671874999 0.46344138125 0.9836959703125 0.460837296875 0.9791827765625 0.46101090781250004 0.9791827765625 0.456149953125 0.918427765625 0.456149953125 0.918427765625 0.4651774296875 0.8613943093750001 0.46498969062500006 0.8607973156250001 0.5346195875 0.918601346875 0.5347931874999999 0.918427765625 0.54017495625
0 0.9793563593749999 0.6042746421875 0.9908130015625 0.598198459375 0.9908130015625 0.5824003656250001 0.9797035218750001 0.57476173125 0.95331849375 0.57476173125 0.95331849375 0.5641718046875 0.8758992828125001 0.5641718046875 0.8757256828125 0.5919486671875 0.8498318093749999 0.591864690625 0.8502086 0.6214615734375 0.9793563593749999 0.621287971875 0.9793563593749999 0.6042746421875
0 0.8758992828125001 0.67979298125 0.9521033859375001 0.67979298125 0.9522769859375 0.6645157 0.97814125 0.6646893203124999 0.9909865828125 0.65305775 0.9909865828125 0.640731775 0.9831752265624999 0.6355236078125001 0.9790091578125001 0.6355236078125001 0.9788355765625001 0.621635184375 0.850300559375 0.622020940625 0.8505557625 0.6518425140625 0.8757256828125 0.6516689125 0.8758992828125001 0.67979298125
0 0.9784884125 0.740297321875 0.9887299859375 0.7337003171875 0.9887299859375 0.7175550125 0.9786619953125 0.7128676671874999 0.9526241484375 0.7130412781250001 0.9526241484375 0.7003680812499999 0.876081809375 0.7006146906249999 0.8760728640625001 0.7583522874999999 0.9784884125 0.7586994890625001 0.9784884125 0.740297321875
0 1 0.7586759609375 0.876081809375 0.758739690625 0.8760728640625001 0.7706446890625 0.85072934375 0.7706446890625 0.85072934375 0.7999839843750001 0.8757256828125 0.7999839843750001 0.8757256828125 0.8109211234375 0.9522769859375 0.81109474375 0.9522769859375 0.7994631812499999 1 0.7995865078125 1 0.7586759609375
0 0.9770997234375001 0.87123508125 0.9866469312499999 0.8658533125 0.9868205124999999 0.8483191703124999 0.9779676687500001 0.8427638 0.950714715625 0.8429374015625 0.950714715625 0.8344307375 0.872800559375 0.8345209406249999 0.872601140625 0.8906788750000001 0.9770997234375001 0.89085249375 0.9770997234375001 0.87123508125
0 0.9500203703125001 0.937832396875 0.9764053984375 0.937485184375 0.98647335 0.92932573125 0.98647335 0.9140484609374999 0.9767525609375 0.909881928125 0.9767525609375 0.89113255 0.872800559375 0.8906146906249999 0.872601140625 0.94616545 0.9500203703125001 0.94616545 0.9500203703125001 0.937832396875
0 0.975711034375 1 0.975711034375 0.97734726875 0.9481109171875 0.97734726875 0.9481109171875 0.968667003125 0.841550559375 0.969052190625 0.8415373203125001 1 0.975711034375 1
0 0.9989921875000001 0.48274999999999996 0.9791640625 0.48274999999999996 0.9791640625 0.5120312499999999 0.9989921875000001 0.5120312499999999 0.9989921875000001 0.48274999999999996
0 0.65960518125 0 0.659657275 0.0095696875 0.683091340625 0.0093960765625 0.683091340625 0.031791175 0.7245783359375 0.0321383859375 0.7245783359375 0.018597165625000002 0.7474916390625 0.0184235640625 0.7474916390625 0 0.65960518125 0
0 0 0.13284374999999998 0.02634375 0.13284374999999998 0.02634375 0.1100625 0 0.1100625 0 0.13284374999999998
0 0 0.30473405468750003 0.0593225359375 0.30431723125 0.05897030625000001 0.2572907328125 0.0528065 0.2572907328125 0.052630376562500004 0.2023384421875 0 0.20261347500000002 0 0.30473405468750003
0 0.2039563109375 0.28204980156250004 0.2102053953125 0.2919453125 0.2305149203125 0.2921189140625 0.233986625 0.28274422499999996 0.2445753609375 0.28274422499999996 0.24474894218749998 0.16573420156250002 0.21639430937499998 0.165614690625 0.2164544796875 0.197851196875 0.20378271093749997 0.19802479687500002 0.2039563109375 0.28204980156250004
0 0.2638433578125 0.2924661171875 0.2794660890625 0.29263971718750004 0.2846736453125 0.28274422499999996 0.285020828125 0.19733038281249998 0.2758207828125 0.19733038281249998 0.2758207828125 0.16573420156250002 0.244519309375 0.165614690625 0.24422817812500003 0.282397003125 0.2591565453125 0.282397003125 0.2638433578125 0.2924661171875
0 0.40059045312499997 0.2556021515625 0.528180484375 0.254433253125 0.5285700624999999 0.21956118125000001 0.4740277671875 0.2199508140625 0.4740277671875 0.207872228125 0.399811275 0.20767740625000003 0.40000606406249994 0.213327071875 0.3909268 0.2226819109375 0.3916299265625 0.2357309125 0.40078524218749995 0.24215984375000002 0.40059045312499997 0.2556021515625
0 0.47422255625 0.283404328125 0.527790884375 0.282819884375 0.527790884375 0.2627538328125 0.400200853125 0.2621693765625 0.400200853125 0.2913917828125 0.47441734531249996 0.29100215 0.47422255625 0.283404328125
0 0.47422255625 0.3436024828125 0.5071427390625 0.3436024828125 0.50753231875 0.3007429578125 0.47461213437499994 0.3015222140625 0.4748069453125 0.2913917828125 0.3998691515625 0.29194129687500003 0.400200853125 0.3513951265625 0.47422255625 0.35120029375 0.47422255625 0.3436024828125
0 0.5272109375 0.29965625 0.5073515625 0.29965625 0.5073515625 0.32178125 0.5272109375 0.32178125 0.5272109375 0.29965625
0 0.5275937500000001 0.32139843749999997 0.50734375 0.32139843749999997 0.50734375 0.3436015625 0.5275937500000001 0.3436015625 0.5275937500000001 0.32139843749999997
0 0.400200853125 0.413466075 0.3896819921875 0.41970019531249997 0.389292403125 0.4335321375 0.400200853125 0.4401558703125 0.473832978125 0.4401558703125 0.473832978125 0.43216841562499997 0.529349240625 0.4325580390625 0.529349240625 0.3653465171875 0.47422255625 0.3653465171875 0.47422255625 0.358333140625 0.399421696875 0.358333140625 0.389292403125 0.366125784375 0.389292403125 0.379957725 0.4003956640625 0.385802203125 0.400200853125 0.413466075
0 0.47539131250000005 0.63928313125 0.49701344687500004 0.63928313125 0.49701344687500004 0.587656875 0.4740277671875 0.5874620640625 0.4740277671875 0.5672011890624999 0.49623426875 0.56681155625 0.4964290578125 0.515669128125 0.47422255625 0.516058771875 0.47422255625 0.4981356859375 0.49701344687500004 0.49735644062500006 0.49701344687500004 0.45586061562499997 0.47441734531249996 0.4560554375 0.47441734531249996 0.44845760625000003 0.40682385625000006 0.449199196875 0.4089665796875 0.6513240421875001 0.47558612343749995 0.6509343984375 0.47539131250000005 0.63928313125
0 0.46467765156249996 0.6977908734375 0.5198043359375 0.6977908734375 0.519999125 0.6623343578124999 0.46487244062500005 0.662723990625 0.46506725156249995 0.6512298484375 0.39934313125 0.65226544375 0.40000606406249994 0.7053887046875 0.46467765156249996 0.7053887046875 0.46467765156249996 0.6977908734375
0 0.3988373078125 0.7992335125000001 0.3926039046875 0.8064417 0.39279869375 0.8183254874999999 0.3984477078125 0.8237803296875 0.4654568296875 0.8233906859375001 0.465262040625 0.8167669546875 0.5143501109375 0.8167669546875 0.5143501109375 0.798259434375 0.465262040625 0.7986490578125001 0.46467765156249996 0.783453415625 0.5145449 0.783453415625 0.513765721875 0.7250086046875001 0.46487244062500005 0.7250086046875001 0.46506725156249995 0.7183848609375 0.3988373078125 0.7181900390625 0.39215418125 0.7229275515625 0.3916299265625 0.7372820140624999 0.39903209687499996 0.741373146875 0.3988373078125 0.7992335125000001
0 0.40000606406249994 0.889904746875 0.39240911562499997 0.8963336796875 0.3922143046875 0.907633 0.3996164859375 0.91523083125 0.46604121875000004 0.9140619421875 0.46604121875000004 0.9025677890624999 0.4919488 0.9025677890624999 0.491169621875 0.8466555890624999 0.46604121875000004 0.8468504109375001 0.46584640781250003 0.8394474015625001 0.40000606406249994 0.8400318453125 0.40000606406249994 0.8449022453125 0.394746628125 0.8449022453125 0.392329521875 0.85145193125 0.3922143046875 0.8624356859375 0.40000606406249994 0.8671112734375 0.40000606406249994 0.889904746875
0 0.5182265625 0.8468984374999999 0.49155468750000003 0.8468984374999999 0.49155468750000003 0.9025390625 0.5182265625 0.9025390625 0.5182265625 0.8468984374999999
0 0.5354062500000001 0.8542578125 0.5184375 0.8542578125 0.5184375 0.8923984375 0.5354062500000001 0.8923984375 0.5354062500000001 0.8542578125
0 0.399421696875 0.9695091484375 0.446951409375 0.9691195140625 0.4471461984375 0.9572357390624999 0.5009093359375 0.9556772062500001 0.5005197375 0.9274288890625 0.39903209687499996 0.92937704375 0.3988373078125 0.9385333984375 0.3919788421875 0.9463109890625001 0.39201951562500004 0.9611320609374999 0.3992268859375 0.96502838125 0.399421696875 0.9695091484375
0 0.4829882828125 1 0.4829882828125 0.980224034375 0.4471461984375 0.980224034375 0.4471461984375 0.9695091484375 0.39934313125 0.9692805578125 0.39903209687499996 0.983146278125 0.3916299265625 0.988211478125 0.3914788125 1 0.4829882828125 1
0 0.7127724515625 0.3037692234375 0.7410669125 0.3041164265625 0.74054615 0.268006515625 0.718425559375 0.268114690625 0.7188479359375 0.28363099687500004 0.7127724515625 0.2838046078125 0.7127724515625 0.3037692234375
0 0 0.5876358640625 0.0110877171875 0.58778673125 0.011261859374999999 0.48050050000000005 0.0044701515625 0.48032633750000003 0 0.474250834375 0 0.5876358640625
0 0.034249153125 0.5458127359375 0.0448720796875 0.5459869078125 0.0448720796875 0.4810230046875 0.035816468750000004 0.47109554375 0.024671115625 0.47109554375 0.01787940625 0.48032633750000003 0.0110877171875 0.48084883281249996 0.0107394140625 0.58761256875 0.03511988125 0.5874384078125 0.034249153125 0.5458127359375
0 0.056017432812500004 0.58761256875 0.07830815937499999 0.58761256875 0.0770891265625 0.4801521765625 0.07499936562500001 0.4801521765625 0.0682076765625 0.47214053749999996 0.054275975 0.47214053749999996 0.049225725 0.48050050000000005 0.0451964015625 0.4808164125 0.0455686671875 0.5459869078125 0.05566915 0.5461610703125 0.056017432812500004 0.58761256875
0 0.107913 0.5461610703125 0.11940665624999999 0.546335240625 0.11940665624999999 0.4801521765625 0.11749105625 0.476494684375 0.11174421875 0.47214053749999996 0.09641936250000001 0.472314703125 0.09154327343749999 0.47736551718750003 0.09189155624999999 0.48032633750000003 0.07764459375 0.480502903125 0.07830815937499999 0.58761256875 0.1080871609375 0.58761256875 0.107913 0.5461610703125
0 0.1293329765625 0.58761256875 0.150927115625 0.5874384078125 0.150927115625 0.4676122234375 0.14570274218749998 0.4676122234375 0.1418715046875 0.46116808125000003 0.12672080937500002 0.46099391562500003 0.1225412875 0.464999734375 0.1225412875 0.4677863890625 0.12043858593750001 0.4684328015625 0.11940665624999999 0.546335240625 0.1291588359375 0.546335240625 0.1293329765625 0.58761256875
0 0.172695396875 0.5468577359375 0.18697538125 0.5468577359375 0.1864529546875 0.45385311406250006 0.1514759859375 0.45354112031250005 0.150927115625 0.5811684328125 0.1723471125 0.580820090625 0.172695396875 0.5468577359375
0 0.1974241671875 0.58029760625 0.2292929109375 0.5806459296875001 0.2292929109375 0.4533306140625 0.1861187421875 0.45354112031250005 0.18697538125 0.5466835734375 0.19777245000000002 0.546509403125 0.1974241671875 0.58029760625
0 0.138241759375 0.7828533 0.20175493125 0.781983159375 0.2015809265625 0.7774584171875001 0.21045536406249998 0.7711934031250001 0.21080337187499998 0.7598815546875 0.2022769640625 0.7562269500000001 0.20210294062499998 0.7311668578125 0.2097593453125 0.7252498921874999 0.20958534218749997 0.7118497046875001 0.20175493125 0.7057587062499999 0.1384157640625 0.7057587062499999 0.1384157640625 0.7165484734375 0.1048216125 0.7166211312499999 0.10535411562500001 0.7736297984375 0.138241759375 0.773455765625 0.138241759375 0.7828533
0 0.20210294062499998 0.8102993109375 0.2113254234375 0.8024680312499999 0.21045536406249998 0.788545753125 0.20245096718750002 0.7840210203125 0.2019289359375 0.78210670625 0.139459809375 0.7829768453125 0.13928580468750001 0.7925484140625 0.10518009218749999 0.7923743812499999 0.10535411562500001 0.817434475 0.20245096718750002 0.8162162765625001 0.20210294062499998 0.8102993109375
0 0.136891065625 0.8529194812500001 0.2037215609375 0.8517042453125001 0.2038951421875 0.8473641125 0.20701968437499998 0.8473641125 0.21205367968750002 0.8426767671875 0.21170649843749997 0.8268786734375 0.206672521875 0.823927378125 0.202680053125 0.823753778125 0.20250645312499999 0.8159415359375 0.10561305937500001 0.8176459406250001 0.105819225 0.8435447921874999 0.136891065625 0.8435447921874999 0.136891065625 0.8529194812500001
0 0.10512487968749999 0.8926583203125 0.2038951421875 0.8910958718750001 0.2038951421875 0.87738105 0.21344235 0.87147846875 0.21292160624999998 0.857590034375 0.20806119218750002 0.853944325 0.2037215609375 0.8541179265625001 0.2040687234375 0.8518610640625001 0.137488059375 0.8531146906249999 0.13723824843750002 0.8647078625000001 0.10529847968749999 0.8647078625000001 0.10512487968749999 0.8926583203125
0 0.1375854109375 0.93496766875 0.20476306875 0.9337524328125 0.20476306875 0.9280234515625001 0.21240084375 0.9226416937499999 0.21205367968750002 0.904239515625 0.2040687234375 0.90146183125 0.2040687234375 0.891392728125 0.105300559375 0.8924896906249999 0.10529847968749999 0.9195167968750001 0.1375854109375 0.9195167968750001 0.1375854109375 0.93496766875
0 0.2058045953125 0.9602469062500001 0.21396311406250001 0.9541707234375 0.21361595156250002 0.9397614765625001 0.20493665 0.9375046046875 0.2052838328125 0.934032496875 0.1377589921875 0.9347269203125 0.1377589921875 0.945490446875 0.104831809375 0.945458440625 0.10512487968749999 0.9727464921875001 0.2059781765625 0.9713576546875 0.2058045953125 0.9602469062500001
0 0.21309192656249998 1 0.212748025 0.9814267671874999 0.20511025156249998 0.978822684375 0.20493665 0.971704865625 0.10545680937499999 0.9726459406249999 0.10530614375 1 0.21309192656249998 1
0 0.5081953125 1 0.5081953125 0.9787812499999999 0.4833984375 0.9787812499999999 0.4833984375 1 0.5081953125 1