0 0.07635774375 0.8964196359375001 0.1222466984375 0.8964196359375001 0.1227482171875 0.7725445328125 0.18318121406250001 0.7717922546875 0.1829304546875 0.5315648265624999 0.00739893125 0.5328186234375 0.0091542453125 0.75198226875 0.073097871875 0.7524837875 0.07635774375 0.8964196359375001
0 0.0763125 0.774546875 0.029031249999999998 0.774546875 0.029031249999999998 0.916140625 0.0763125 0.916140625 0.0763125 0.774546875
0 0.117328125 0.8968359375 0.07620312500000001 0.8968359375 0.07620312500000001 0.9602890625 0.117328125 0.9602890625 0.117328125 0.8968359375
0 0.13165625 0.9609921874999999 0.09146875 0.9609921874999999 0.09146875 0.9734453125 0.13165625 0.9734453125 0.13165625 0.9609921874999999
0 0.16080468750000002 0.95959375 0.1311953125 0.95959375 0.1311953125 0.97228125 0.16080468750000002 0.97228125 0.16080468750000002 0.95959375
0 0.1626796875 0.8973125 0.1173203125 0.8973125 0.1173203125 0.9600625 0.1626796875 0.9600625 0.1626796875 0.8973125
0 0.267625 0.8042421875000001 0.22731249999999997 0.8042421875000001 0.22731249999999997 0.8937578125 0.267625 0.8937578125 0.267625 0.8042421875000001
0 0.337125 0.852359375 0.268125 0.852359375 0.268125 0.9707968749999999 0.337125 0.9707968749999999 0.337125 0.852359375
0 0.4222890625 0.851 0.3524921875 0.851 0.3524921875 0.9549687499999999 0.4222890625 0.9549687499999999 0.4222890625 0.851
0 0.42278125 0.95521875 0.352 0.95521875 0.352 0.99921875 0.42278125 0.99921875 0.42278125 0.95521875
0 0.4839921875 0.9542343750000001 0.4225390625 0.9542343750000001 0.4225390625 0.997984375 0.4839921875 0.997984375 0.4839921875 0.9542343750000001
0 0.49652343749999994 0.84928125 0.4227890625 0.84928125 0.4227890625 0.95471875 0.49652343749999994 0.95471875 0.49652343749999994 0.84928125
0 0.5717421875 0.848796875 0.5066015625 0.848796875 0.5066015625 0.9672656249999999 0.5717421875 0.9672656249999999 0.5717421875 0.848796875
0 0.5357968750000001 0.56140625 0.420609375 0.56140625 0.420609375 0.7271875 0.5357968750000001 0.7271875 0.5357968750000001 0.56140625
0 0.32641086874999997 0.74843665 0.3447846625 0.74843665 0.3447846625 0.728869753125 0.41995017968750004 0.7279152703125 0.42042742187500004 0.5618352671875 0.3140025921875 0.5620738890625 0.3142412140625 0.72934699375 0.32641086874999997 0.72934699375 0.32641086874999997 0.74843665
0 0.8009260484375 0.72183224375 0.7877560953125 0.72183224375 0.7877560953125 0.6510437484375 0.83343936875 0.6510437484375 0.8336451484375 0.48600778125 0.7498924812500001 0.48600778125 0.7498924812500001 0.4751014140625 0.7124404296875 0.4751014140625 0.714292453125 0.788505128125 0.8005144859375 0.7905629328125 0.8009260484375 0.72183224375
0 0.7764381671875 0.4732493890625 0.76903006875 0.4845673171875 0.8085399265625 0.4853904390625 0.8023665109375001 0.472837828125 0.7764381671875 0.4732493890625
0 0.578125 0.8946875000000001 0.628125 0.89421875 0.62765625 0.82328125 0.65078125 0.8231249999999999 0.650625 0.8053125 0.66359375 0.79640625 0.6642187500000001 0.77390625 0.6509375000000001 0.76328125 0.65078125 0.7229687499999999 0.6640625 0.7151562499999999 0.6639062499999999 0.68875 0.65046875 0.6815625 0.6503907671875 0.6513636734375 0.714010553125 0.65110078125 0.712433203125 0.4959946921875 0.6007042390625 0.4957318 0.5996875 0.6521874999999999 0.58109375 0.65234375 0.578125 0.8946875000000001