0 0 0.46148437500000006 0.081 0.46148437500000006 0.081 0.35285937500000003 0 0.35285937500000003 0 0.46148437500000006
0 0.1743671875 0.32634375000000004 0.14166406250000002 0.32634375000000004 0.14166406250000002 0.36259375 0.1743671875 0.36259375 0.1743671875 0.32634375000000004
0 0.295796875 0.3259765625 0.173234375 0.3259765625 0.173234375 0.4012734375 0.295796875 0.4012734375 0.295796875 0.3259765625
0 0.3997578125 0.32389843749999997 0.2950859375 0.32389843749999997 0.2950859375 0.3832578125 0.3997578125 0.3832578125 0.3997578125 0.32389843749999997
0 0.5651953125 0.3224609375 0.3997421875 0.3224609375 0.3997421875 0.3793828125 0.5651953125 0.3793828125 0.5651953125 0.3224609375
0 0.7130625 0.1865 0.5416562500000001 0.1865 0.5416562500000001 0.23096875 0.7130625 0.23096875 0.7130625 0.1865
0 0.5415625000000001 0.205625 0.5096875 0.205625 0.5096875 0.2328125 0.5415625000000001 0.2328125 0.5415625000000001 0.205625
0 0.5103125000000001 0.20765625000000001 0.38734375 0.20765625000000001 0.38734375 0.23343750000000002 0.5103125000000001 0.23343750000000002 0.5103125000000001 0.20765625000000001
0 0.3476171875 0.145890625 0.2756015625 0.145890625 0.2756015625 0.23585937499999998 0.3476171875 0.23585937499999998 0.3476171875 0.145890625
0 0.2761484375 0.147 0.25032031250000003 0.147 0.25032031250000003 0.16825 0.2761484375 0.16825 0.2761484375 0.147
0 0.10399218750000001 0.1674453125 0.0436015625 0.1674453125 0.0436015625 0.23883593749999998 0.10399218750000001 0.23883593749999998 0.10399218750000001 0.1674453125
0 0.2332578125 0.19921093750000002 0.1665859375 0.19921093750000002 0.1665859375 0.23663281249999998 0.2332578125 0.23663281249999998 0.2332578125 0.19921093750000002
0 0.1668984375 0.1655546875 0.1071328125 0.1655546875 0.1071328125 0.2369453125 0.1668984375 0.2369453125 0.1668984375 0.1655546875
0 0.38673437499999996 0.14447656250000002 0.346796875 0.14447656250000002 0.346796875 0.23474218750000003 0.38673437499999996 0.23474218750000003 0.38673437499999996 0.14447656250000002
0 0.10413543437499999 1 0.10370848437499999 0.8279388531249999 0.131665746875 0.8279388531249999 0.131665746875 0.7776608734375 0.1449679921875 0.7776608734375 0.1449679921875 0.7454198359374999 0.13324397968749999 0.7415869859375 0.13324397968749999 0.6913090046875 0.0563615078125 0.6913090046875 0.056812431249999996 0.8281643140625 0 0.828613425 0 0.99094773125 0.019836696875 0.99094773125 0.026302603125 1 0.0552448546875 1 0.0592925109375 0.9904968078125 0.073947528125 0.9904968078125 0.07383439375 1 0.10413543437499999 1
0 0.0785390625 0.674921875 0.0555546875 0.674921875 0.0555546875 0.691421875 0.0785390625 0.691421875 0.0785390625 0.674921875
0 0.21448023906250002 1 0.2121494953125 0.7319642984375 0.1609090671875 0.7319642984375 0.1637958515625 0.8625913031250001 0.12461957500000001 0.8625417093750001 0.12554626093750001 1 0.21448023906250002 1
0 0.34060367343750003 0.7967192609375 0.29983074374999996 0.7973913421875001 0.29983074374999996 0.9439050546875001 0.339035484375 0.9439050546875001 0.346428378125 0.9566746 0.36726289687499997 0.9566746 0.3744317640625 0.9434570015625001 0.4037793109375 0.9434570015625001 0.40265917656249994 0.6625270375000001 0.35270452812499997 0.6624964015625 0.35270113593749997 0.6856018265625 0.340379646875 0.6856018265625 0.34060367343750003 0.7967192609375
0 0.452675346875 0.9548731328125 0.4749788578125 0.9545377421874999 0.4823574625 0.9424636609375 0.5061702328125001 0.9422959656250001 0.5043255828125 0.7965685140625001 0.46240168906249995 0.7965685140625001 0.46223399374999996 0.6853863515625 0.40348633281249996 0.6853394046875 0.4033728484375 0.94263135625 0.44093665625 0.9424636609375 0.452675346875 0.9548731328125
0 0.607774165625 0.974876046875 0.6624137171875 0.9745129921875 0.6624137171875 0.9581755859375001 0.673668375 0.9581755859375001 0.6745760093750001 0.8717688546875 0.711062884375 0.8710427468749999 0.7117889921875 0.8282024359375001 0.725585025 0.8124096078124999 0.7257665515625 0.77319983125 0.7119705187500001 0.7606744859375 0.7134227328125 0.6321535500000001 0.58199736875 0.6308828625 0.5805451546875 0.957994059375 0.6079556937499999 0.957994059375 0.607774165625 0.974876046875
0 0.7619626546875 0.961963671875 0.7745923765625 0.961759965625 0.7819257640624999 0.9737785734375001 0.8200186390624999 0.9743896890625001 0.830815015625 0.961963671875 0.8748153406249999 0.961759965625 0.8811302031249999 0.9731674578125 0.9216675390625 0.9725563421875 0.9302231578125 0.9607414406249999 0.93796395625 0.9607414406249999 0.9373528406249999 0.8028699015624999 0.92329718125 0.8028699015624999 0.9245194124999999 0.60466473125 0.7778516609375 0.6060906687500001 0.7764257234375 0.8047032484375001 0.762777475 0.8047032484375001 0.7619626546875 0.961963671875