0 0.1957576265625 0.48478550781249996 0.195136528125 0.710249259375 0.2311602234375 0.7105598140625 0.2311602234375 0.7282615140625001 0.35814427968749996 0.730706715625 0.35817480625 0.693789784375 0.3473055875 0.693789784375 0.3528954703125 0.48664884375 0.1957576265625 0.48478550781249996
0 0.3702862203125 0.42734891093750005 0.3600381 0.4270383546875 0.3600381 0.41306332812499996 0.253519759375 0.41119999218750003 0.2538303078125 0.40001997031250003 0.17960907343750002 0.398156634375 0.17898797500000002 0.41213165937499996 0.13364780625 0.41182110312500003 0.1339583546875 0.43790781875 0.178677425 0.43852893125000003 0.1783668765625 0.447535059375 0.13364780625 0.447535059375 0.13364780625 0.47424288593749997 0.177745778125 0.4745534421875 0.177745778125 0.48387012656249995 0.2525881109375 0.48542290625 0.25287928437499996 0.47049413125 0.35786425624999996 0.4730006609375 0.35786425624999996 0.45467785000000005 0.36997567187499997 0.45467785000000005 0.3702862203125 0.42734891093750005
0 0.1814765625 0.29815625 0.1342734375 0.29815625 0.1342734375 0.38946875 0.1814765625 0.38946875 0.1814765625 0.29815625
0 0.206296875 0.30003125 0.18426562500000002 0.30003125 0.18426562500000002 0.3425625 0.206296875 0.3425625 0.206296875 0.30003125
0 0.25290625 0.2553125 0.215625 0.2553125 0.215625 0.2758125 0.25290625 0.2758125 0.25290625 0.2553125
0 0.3528954703125 0.2823314125 0.37525500625 0.2823314125 0.37494445781249996 0.27798362656250003 0.38208708593749996 0.27798362656250003 0.3814659875 0.2621452640625 0.37401280937500003 0.257797478125 0.3050460078125 0.25716949375000003 0.305381459375 0.290405871875 0.3519638234375 0.292269209375 0.3528954703125 0.2823314125
0 0.26532062500000003 0.354690990625 0.3038287125 0.356554328125 0.3041392625 0.3469270875 0.3730811625 0.34847986875000003 0.3733917109375 0.338231515625 0.37960269375 0.337920959375 0.3799132421875 0.32021926093749997 0.37401280937500003 0.3183559234375 0.3727706140625 0.3115236890625 0.3047603609375 0.3105920203125 0.30507090937500003 0.3022070046875 0.20754391718749998 0.30002073125 0.20662684531250003 0.3286042765625 0.2656311734375 0.3292253890625 0.26532062500000003 0.354690990625
0 0.850046875 0.47173437500000004 0.741015625 0.47173437500000004 0.741015625 0.511484375 0.850046875 0.511484375 0.850046875 0.47173437500000004
0 0.7935234375 0.519859375 0.7397578125 0.519859375 0.7397578125 0.547203125 0.7935234375 0.547203125 0.7935234375 0.519859375
0 0.6795546875 0.5180078124999999 0.6345078125 0.5180078124999999 0.6345078125 0.5614921875000001 0.6795546875 0.5614921875000001 0.6795546875 0.5180078124999999
0 0.63453125 0.516140625 0.5674375 0.516140625 0.5674375 0.561484375 0.63453125 0.561484375 0.63453125 0.516140625
0 0.6273829546874999 0.6468819953125 0.5960174953124999 0.6468819953125 0.5960174953124999 0.6058885859375 0.5683637546875 0.6058792000000001 0.5699313703125 0.7459494015625 0.6276935031249999 0.7462599578125 0.6273829546874999 0.6468819953125
0 0.6270724046875 0.66582591875 0.6276935031249999 0.7462599578125 0.6820126890625 0.7468535593750001 0.6798657515625 0.6071308109375 0.64632645 0.6071308109375 0.6469475484375 0.66582591875 0.6270724046875 0.66582591875
0 0.7115417609375 0.6130313765625 0.7112312109375 0.63477030625 0.7037780328125 0.63445975 0.7037780328125 0.6807326140625001 0.6950826578125 0.6807326140625001 0.694772109375 0.7459494015625 0.7403897359375 0.7468535593750001 0.740112278125 0.6813537265625 0.733590746875 0.6813537265625 0.7326591 0.6130313765625 0.7115417609375 0.6130313765625
0 0.7522236921875 0.6655153625 0.752844790625 0.7462599578125 0.7947300734375 0.7468535593750001 0.793837271875 0.5906713359375 0.7621612640625 0.5903607796875 0.7624718125000001 0.66582591875 0.7522236921875 0.6655153625
0 0.7935234375 0.5717265625 0.7615078125 0.5717265625 0.7615078125 0.5906796875 0.7935234375 0.5906796875 0.7935234375 0.5717265625
0 0.823640625 0.6123984375 0.793484375 0.6123984375 0.793484375 0.7468828125 0.823640625 0.7468828125 0.823640625 0.6123984375
0 0.85653125 0.61178125 0.82303125 0.61178125 0.82303125 0.74746875 0.85653125 0.74746875 0.85653125 0.61178125
0 0.8903671875000001 0.61240625 0.8556328125 0.61240625 0.8556328125 0.74778125 0.8903671875000001 0.74778125 0.8903671875000001 0.61240625
0 0.6561328125 0.15912500000000002 0.6068046875 0.15912500000000002 0.6068046875 0.19190625 0.6561328125 0.19190625 0.6561328125 0.15912500000000002
0 0.6056328125 0.1599140625 0.5689296875000001 0.1599140625 0.5689296875000001 0.1843984375 0.6056328125 0.1843984375 0.6056328125 0.1599140625
0 0.10004687500000001 0.3598046875 0.077171875 0.3598046875 0.077171875 0.3850703125 0.10004687500000001 0.3850703125 0.10004687500000001 0.3598046875
0 0.100578125 0.38346874999999997 0.076390625 0.38346874999999997 0.076390625 0.40765624999999994 0.100578125 0.40765624999999994 0.100578125 0.38346874999999997