0 0 0.396875 0.0467890625 0.396875 0.0467890625 0.23009374999999999 0 0.23009374999999999 0 0.396875
0 0 0.45358593750000004 0.005617187500000001 0.45358593750000004 0.005617187500000001 0.4387578125 0 0.4387578125 0 0.45358593750000004
0 0.0426796875 0.52015625 0.0063828125 0.52015625 0.0063828125 0.582875 0.0426796875 0.582875 0.0426796875 0.52015625
0 0.12987500000000002 0.38978125 0.110625 0.38978125 0.110625 0.40975 0.12987500000000002 0.40975 0.12987500000000002 0.38978125
0 0.6254296874999999 0.3928046875 0.5705390625 0.3928046875 0.5705390625 0.43616406249999995 0.6254296874999999 0.43616406249999995 0.6254296874999999 0.3928046875
0 0.7966640625 0.39153906250000003 0.7369296875 0.39153906250000003 0.7369296875 0.5140234375 0.7966640625 0.5140234375 0.7966640625 0.39153906250000003
0 0.8270937500000001 0.3922890625 0.79571875 0.3922890625 0.79571875 0.4179921875 0.8270937500000001 0.4179921875 0.8270937500000001 0.3922890625
0 0.812734375 0.25525000000000003 0.754890625 0.25525000000000003 0.754890625 0.39115625 0.812734375 0.39115625 0.812734375 0.25525000000000003
0 0.9892421875 0.391640625 0.8806953125 0.391640625 0.8806953125 0.473921875 0.9892421875 0.473921875 0.9892421875 0.391640625
0 1 0.44678125 0.9898984375 0.44678125 0.9898984375 0.51659375 1 0.51659375 1 0.44678125
0 0.831659490625 0.7263004140625 0.8537076734375001 0.7260633375000001 0.8629536859375 0.7097050078125 0.8994635796875 0.7094679296875 0.895196190625 0.536875703125 0.8112708484375 0.5380610890625 0.8134045437499999 0.7111274703125 0.8233617875 0.71089039375 0.831659490625 0.7263004140625
0 0.9417741062499999 0.72560898125 0.9661702859375 0.7251111 0.9806088421875 0.7079341968749999 0.9756300296875 0.53591623125 0.8959690328125 0.5364141124999999 0.8992052609375 0.708432078125 0.930073896875 0.70768525625 0.9417741062499999 0.72560898125
0 0.7384692015625001 0.5987226171875 0.7192834296874999 0.5989890859375 0.72088224375 0.7133043156250001 0.7989576796875 0.7122384390625001 0.7962929890625 0.5139854546875 0.7187504921875 0.5142519234375 0.7187504921875 0.5582193203125 0.739002140625 0.5582193203125 0.7384692015625001 0.5987226171875
0 0.5945669765625 0.577966371875 0.5763712109375 0.577966371875 0.578710665625 0.71469455625 0.5836495171875 0.71469455625 0.5909278234374999 0.731590625 0.6153621375 0.731590625 0.6242000812499999 0.7144346171875 0.6691696171875 0.7136547984375 0.6798271375 0.7300309890625 0.7053012109375 0.7300309890625 0.716478609375 0.714174678125 0.7211575203125 0.714174678125 0.7190780046875 0.5782263109375 0.700362359375 0.5782263109375 0.700362359375 0.51402125 0.7190780046875 0.51402125 0.718558125 0.47217098750000003 0.57663115 0.4711312296875 0.5784507265625 0.5153209484375 0.5937871578125 0.5153209484375 0.5945669765625 0.577966371875
0 0.5211681453125 0.589733075 0.4853419671875 0.589733075 0.48669389843750005 0.7130968015625 0.5681477562499999 0.7130968015625 0.5679834671874999 0.39116074843750004 0.5258999046875 0.391337165625 0.52758981875 0.5170667718749999 0.521506128125 0.5174047546875 0.5211681453125 0.589733075
0 0.5609375 0.71328125 0.5425 0.71328125 0.5425 0.73359375 0.5609375 0.73359375 0.5609375 0.71328125
0 0.3761439453125 0.7119486703125 0.43876104062500004 0.71057749375 0.4410463359375 0.5869430109375 0.432133684375 0.58671448125 0.43281927187499997 0.5183841484375 0.440360746875 0.5183841484375 0.4410463359375 0.391335434375 0.3946548390625 0.391335434375 0.39534042812500003 0.5170266828125001 0.3745442390625 0.5170266828125001 0.3745442390625 0.5878571296875 0.3448353984375 0.588771246875 0.344149809375 0.7121772 0.35786158281249997 0.7121772 0.3574045234375 0.7345730953125 0.3761439453125 0.7343445656250001 0.3761439453125 0.7119486703125
0 0.2124283234375 0.51145618125 0.1486950171875 0.5119114203125 0.1486950171875 0.5362666468749999 0.141411209375 0.5364942671875 0.1420940671875 0.6120637578125 0.1140969359375 0.6116085203125 0.1138693171875 0.7301979953125 0.2160702265625 0.7301979953125 0.2124283234375 0.51145618125
0 0.015302828125000001 0.7455394328125 0.11324855781250001 0.7443212031249999 0.11349220468750001 0.6098285578125 0.045514943749999995 0.6100722046875 0.0457585890625 0.6585577765624999 0.015 0.6587500000000001 0.015302828125000001 0.7455394328125