0 0.0005497937500000001 0.463995484375 0.0487292125 0.46470054843749997 0.050609384375 0.3735121859375 0.00219494375 0.3735121859375 0.0005497937500000001 0.463995484375
0 0.056954965625 0.463995484375 0.0978487171875 0.46470054843749997 0.099258846875 0.3807978546875 0.057895053125 0.3800927890625 0.056954965625 0.463995484375
0 0.10480347500000001 0.46540561406250003 0.15251285 0.46587565625 0.152277828125 0.3753923578125 0.106448625 0.3751573359375 0.10480347500000001 0.46540561406250003
0 0.1649689921875 0.46564063593749994 0.2185539078125 0.46634570000000003 0.21902395000000002 0.37633244375 0.16684916562500002 0.37609742343749997 0.1649689921875 0.46564063593749994
0 0.2272497046875 0.466110678125 0.2820097265625 0.46681574374999996 0.2824797703125 0.3779775953125 0.2279547703125 0.37727253125 0.2272497046875 0.466110678125
0 0.652633515625 0.433391603125 0.652633515625 0.4980703703125 0.69208045625 0.50411179375 0.691725078125 0.3966099953125 0.6624064062499999 0.3966099953125 0.6625840953125001 0.433391603125 0.652633515625 0.433391603125
0 0.5776487890625 0.48723134687499997 0.615318840625 0.49291739218749997 0.646059025 0.4968265484375 0.6465920921875 0.39412235 0.5783595453125 0.3939446609375 0.5776487890625 0.48723134687499997
0 0.7495188796875001 0.7856031234375 0.7764247937500001 0.791094125 0.8002191390625001 0.7969511953125 0.8000361046875 0.770228315625 0.808821709375 0.77004528125 0.809919909375 0.6984792125 0.80223250625 0.6981131453125 0.7453091109375001 0.6865820390625 0.7447600109375 0.757415975 0.7493358453125001 0.757965075 0.7495188796875001 0.7856031234375
0 0.5700000000000001 0.9078125 0.56953125 0.9684375 0.6207812500000001 0.969375 0.6207812500000001 0.96546875 0.6596875 0.96546875 0.6596875 0.915 0.62265625 0.9146875 0.62234375 0.9078125 0.5700000000000001 0.9078125
0 0.732236528125 1 0.73234375 0.98171875 0.63578125 0.98140625 0.635944353125 1 0.732236528125 1
0 0.0871413375 1 0.0873154921875 0.9481021140625 0.0680966578125 0.9481021140625 0.0680966578125 1 0.0871413375 1
0 0.14436925625000002 1 0.1445330359375 0.96347718125 0.1210860578125 0.96347718125 0.1202559953125 1 0.14436925625000002 1
0 0.145686165625 0.9271535859375 0.121278246875 0.9271535859375 0.12070168125 0.96328499375 0.1449174125 0.9636693703124999 0.145686165625 0.9271535859375
0 0.145493978125 0.895634696875 0.1224313765625 0.895442509375 0.1218548125 0.9271535859375 0.1451096015625 0.9273457734375 0.145493978125 0.895634696875
0 0.145686165625 0.8677673875 0.1230079421875 0.8677673875 0.12262356562500001 0.895442509375 0.1453017890625 0.8958268859375 0.145686165625 0.8677673875
0 0.3352884203125 0.886794034375 0.2926226078125 0.8866018453125 0.29204604375 0.9317661046874999 0.3347118546875 0.9329192359375 0.33490404375 0.936378625 0.39198398125 0.9367630015625 0.3923683578125 0.8779533703125001 0.3352884203125 0.8781455578124999 0.3352884203125 0.886794034375
0 0.3905169546875 1 0.3912152265625 0.9467567953125 0.3347118546875 0.94618023125 0.3347118546875 0.9523302578124999 0.292814796875 0.9521380687500001 0.29223823125 0.9986476484375 0.333558725 0.9992242125 0.333558725 1 0.3905169546875 1
0 0.81647805625 1 0.81647805625 0.9826698781250001 0.7947607734375 0.9828620656249999 0.7946516140625 1 0.81647805625 1
0 0.8585673015624999 0.999198075 0.8585673015624999 0.9663338687499999 0.840123925 0.9663338687499999 0.8405015984374999 0.9988136984375 0.8585673015624999 0.999198075
0 1 1 1 0.9678598031250001 0.91680036875 0.9675131359375 0.916692796875 1 1 1
0 1 0.9308051640624999 0.9462051859375 0.9308051640624999 0.945820809375 0.96347718125 1 0.9633139921874999 1 0.9308051640624999
0 0.8585673015624999 0.9390692625 0.8405015984374999 0.9388770734375 0.8405015984374999 0.967128759375 0.8585673015624999 0.967128759375 0.8585673015624999 0.9390692625