0 1 0.47828125000000005 0.9902421875 0.47828125000000005 0.9902421875 0.50240625 1 0.50240625 1 0.47828125000000005
0 1 0.5026640625 0.990296875 0.5026640625 0.990296875 0.5264609375 1 0.5264609375 1 0.5026640625
0 0.990359375 0.631046875 0.945453125 0.631046875 0.945453125 0.697765625 0.990359375 0.697765625 0.990359375 0.631046875
0 0.8283984375 0.34085156250000004 0.8085703125 0.34085156250000004 0.8085703125 0.36617968749999996 0.8283984375 0.36617968749999996 0.8283984375 0.34085156250000004
0 0.8464453125 0.34085156250000004 0.8281796874999999 0.34085156250000004 0.8281796874999999 0.3653046875 0.8464453125 0.3653046875 0.8464453125 0.34085156250000004
0 0.7680234375 0.3436015625 0.7153828125 0.3436015625 0.7153828125 0.3670546875 0.7680234375 0.3670546875 0.7680234375 0.3436015625
0 0.71571875 0.343796875 0.6704687500000001 0.343796875 0.6704687500000001 0.367484375 0.71571875 0.367484375 0.71571875 0.343796875
0 0.71528125 0.2729765625 0.6692812499999999 0.2729765625 0.6692812499999999 0.3428671875 0.71528125 0.3428671875 0.71528125 0.2729765625
0 0.883796875 0.23239843750000003 0.826296875 0.23239843750000003 0.826296875 0.2802265625 0.883796875 0.2802265625 0.883796875 0.23239843750000003
0 0.5845234375 0.3673828125 0.5418515625 0.3673828125 0.5418515625 0.4997109375 0.5845234375 0.4997109375 0.5845234375 0.3673828125
0 0.522109375 0.17865625000000002 0.48657812500000003 0.17865625000000002 0.48657812500000003 0.2515625 0.522109375 0.2515625 0.522109375 0.17865625000000002
0 0.4853515625 0.17865625000000002 0.45349218750000003 0.17865625000000002 0.45349218750000003 0.25071875 0.4853515625 0.25071875 0.4853515625 0.17865625000000002
0 0.486390625 0.3503515625 0.461609375 0.3503515625 0.461609375 0.3657734375 0.486390625 0.3657734375 0.486390625 0.3503515625
0 0.5065703125 0.3505390625 0.4867734375 0.3505390625 0.4867734375 0.3657734375 0.5065703125 0.3657734375 0.5065703125 0.3505390625
0 0.4618125 0.36605468750000003 0.3526875 0.36605468750000003 0.3526875 0.41653906249999995 0.4618125 0.41653906249999995 0.4618125 0.36605468750000003
0 0.3536171875 0.3666328125 0.2694765625 0.3666328125 0.2694765625 0.42242968750000004 0.3536171875 0.42242968750000004 0.3536171875 0.3666328125
0 0.279109375 0.3470859375 0.259265625 0.3470859375 0.259265625 0.3673203125 0.279109375 0.3673203125 0.279109375 0.3470859375
0 0.17197656249999999 0.349515625 0.1489609375 0.349515625 0.1489609375 0.370015625 0.17197656249999999 0.370015625 0.17197656249999999 0.349515625
0 0.084109375 0.3183046875 0.035171875000000005 0.3183046875 0.035171875000000005 0.3696328125 0.084109375 0.3696328125 0.084109375 0.3183046875
0 0.19009375 0.2000078125 0.146875 0.2000078125 0.146875 0.2391171875 0.19009375 0.2391171875 0.19009375 0.2000078125
0 0 0.42407812500000003 0.066703125 0.42407812500000003 0.066703125 0.369890625 0 0.369890625 0 0.42407812500000003
0 1 0.0175625 0.9459921874999999 0.0175625 0.9459921874999999 0.1359375 1 0.1359375 1 0.0175625
0 0.8834633328124999 0.1658567265625 0.8724470796875 0.1519650828125 0.9256125203125001 0.15220460156249999 0.9260914765624999 0.0192759625 0.892563709375 0.0192759625 0.892563709375 0.0049052984374999995 0.870215403125 0.0049176234375 0.8700522203125001 0.0204735203125 0.8277753828125001 0.020714903125 0.8257477046874999 0.2326108359375 0.8832238546875001 0.2326108359375 0.8834633328124999 0.1658567265625
0 0.7298711609375 0 0.7336467718749999 0.152197675 0.749215371875 0.151898253125 0.7498141828125 0.20729288124999998 0.8081964890625001 0.20729288124999998 0.8072983218750001 0.10578597187500001 0.8255614890625 0.10608539374999999 0.826369165625 0 0.7298711609375 0
0 0.5954496312499999 0 0.5979269578124999 0.12090602343750001 0.6390905359375 0.12097577343749999 0.6371060468749999 0.272981975 0.71425280625 0.272237728125 0.7132605625 0.19036855 0.6958963328125 0.19036855 0.6954236796875 0 0.5954496312499999 0
0 0.482997834375 0 0.4856024296875 0.1790735265625 0.532608746875 0.1790735265625 0.5317693453125 0.123037325 0.5626172453125 0.123037325 0.5604475640625 0 0.482997834375 0
0 0.405084984375 0 0.4076129703125 0.1234212203125 0.43935846874999995 0.1234212203125 0.4388337625 0.17904777968750002 0.48605850781250004 0.178785396875 0.4825186078125 0 0.405084984375 0
0 0.2662422125 0.2931788359375 0.381513078125 0.2934463390625 0.380443275 0.1306285296875 0.390873796875 0.1306285296875 0.388734221875 0.01515470625 0.3780362265625 0.01515470625 0.3697452796875 0.004722978125 0.35503551875 0.004722978125 0.3454073265625 0.0175620265625 0.296731478125 0.0175620265625 0.28763817343750003 0.004990459375 0.27319588437500003 0.004990459375 0.2635676921875 0.01863195 0.25689313125 0.01850216875 0.25741635 0.1311634921875 0.2662422125 0.1311634921875 0.2662422125 0.2931788359375
0 0.2140161546875 0.15962353125 0.23386426093749998 0.15962353125 0.232162975 0.03456635625 0.143567990625 0.03553329375 0.146816175 0.200742090625 0.21458325937499997 0.2010256609375 0.2140161546875 0.15962353125
0 0 0.1754350484375 0.0041924546875000005 0.17539996093750002 0.0049954640625 0.12507289375 0.0325805890625 0.1250263296875 0.032832815625 0.1427409046875 0.0555845015625 0.1424732140625 0.05504918125 0.1965480390625 0.09707288124999999 0.1960126578125 0.097608203125 0.1446147828125 0.1171478765625 0.1443470921875 0.11607720625 0.0402128671875 0 0.039844490625 0 0.1754350484375
0 0.09664747343749999 1 0.09607620624999999 0.9831471640625 0.15323266093750001 0.9831471640625 0.1510342953125 0.8452468812499999 0.1176198265625 0.8452468812499999 0.11674051875 0.755105415625 0.12597344375 0.7555451203125 0.1272924046875 0.69662338125 0.014714278124999999 0.6961005015625 0.01429865 0.7568217484375 0.023091921874999997 0.7563820328124999 0.0226522671875 0.8469632140625001 0 0.8469655265625 0 0.984569371875 0.0446354453125 0.98534573125 0.04436410625 1 0.09664747343749999 1
0 0.29268245 1 0.29233041718749997 0.98028780625 0.3595156140625 0.9798338125000001 0.3586077296875 0.8381841765625 0.3336402890625 0.8386381953125 0.33137047656249996 0.6851844546875 0.215628653125 0.6855971578125 0.21742809687500003 0.840000203125 0.19473046875 0.840000203125 0.1965462390625 0.9798338125000001 0.2451192921875 0.9798338125000001 0.2451192921875 1 0.29268245 1
0 0.43988128125000003 0.8559828484375 0.41182360312500005 0.8559828484375 0.412248709375 0.8134663359375001 0.3586998453125 0.8131329203125001 0.3599593125 0.9792807015625 0.44073149375 0.978005190625 0.43988128125000003 0.8559828484375
0 0.5071718749999999 1 0.5071718749999999 0.9784375000000001 0.368890625 0.9784375000000001 0.368890625 1 0.5071718749999999 1
0 0.9566373171875 1 0.958816771875 0.99504819375 0.9967917109375 0.9959741578125 0.991697553125 0.698168478125 0.9233553015625 0.6982833187499999 0.9250097875 0.76541436875 0.90370680625 0.7663403140625 0.9060223531249999 0.8468973515625 0.8921290765625001 0.8556937984375 0.8944446234375001 0.8816202093750001 0.9074116234374999 0.889490709375 0.9074116234374999 0.9945852296875 0.9217680375 0.99551119375 0.9244213125 1 0.9566373171875 1
0 0.5826539140625 0.818664940625 0.5949520359375 0.8263489890625 0.5957206578124999 0.8521064609375 0.62185420625 0.8517222578125001 0.623413428125 0.9856250140625 0.7190863453125 0.9873457078125 0.7171647625 0.7409924140624999 0.5935523953125 0.7403734015625 0.5941834140625 0.77909209375 0.5822695734375001 0.784470928125 0.5826539140625 0.818664940625
0 0.8342666421875 0.8526277921875 0.8465390515625 0.8380378984375 0.846870759375 0.8128371890625001 0.8355934203125001 0.804879075 0.8332715703125 0.7402193453125 0.7171811124999999 0.7402193453125 0.7198858890625 0.9874873265625 0.8143654203124999 0.9886202125000001 0.812375328125 0.852959375 0.8342666421875 0.8526277921875
0 0.147939884375 0.43796764218749995 0.134345971875 0.4236227765625 0.0655328875 0.42341949999999995 0.065621175 0.47533980312499996 0.147939884375 0.47533980312499996 0.147939884375 0.43796764218749995
0 0.269162684375 0.42164450625 0.2045428796875 0.42154361093750004 0.191266975 0.437738203125 0.191195175 0.4740133484375 0.2693110734375 0.4736385046875 0.269162684375 0.42164450625