0 0.6886875 0.6557109375 0.64796875 0.6557109375 0.64796875 0.7756953125 0.6886875 0.7756953125 0.6886875 0.6557109375
0 0.20857031250000002 0.8226953124999999 0.15364843749999998 0.8226953124999999 0.15364843749999998 0.8534296875 0.20857031250000002 0.8534296875 0.20857031250000002 0.8226953124999999
0 0.20401562499999998 0.8869140625 0.125234375 0.8869140625 0.125234375 0.9208984375 0.20401562499999998 0.9208984375 0.20401562499999998 0.8869140625
0 0.23517968749999998 0.9427421875 0.1762890625 0.9427421875 0.1762890625 0.9708515625 0.23517968749999998 0.9708515625 0.23517968749999998 0.9427421875
0 0.234953125 0.971265625 0.212953125 0.971265625 0.212953125 0.993515625 0.234953125 0.993515625 0.234953125 0.971265625
0 0.27025 0.94321875 0.23500000000000001 0.94321875 0.23500000000000001 0.97128125 0.27025 0.97128125 0.27025 0.94321875
0 0.30944531249999996 0.9444140624999999 0.2704609375 0.9444140624999999 0.2704609375 0.9721484374999999 0.30944531249999996 0.9721484374999999 0.30944531249999996 0.9444140624999999
0 0.3493046875 0.9444140624999999 0.3090390625 0.9444140624999999 0.3090390625 0.9728046875 0.3493046875 0.9728046875 0.3493046875 0.9444140624999999
0 0.38742187499999997 0.945375 0.34954687500000003 0.945375 0.34954687500000003 0.97303125 0.38742187499999997 0.97303125 0.38742187499999997 0.945375
0 0.4272890625 0.9461015625 0.3871796875 0.9461015625 0.3871796875 0.9743359375 0.4272890625 0.9743359375 0.4272890625 0.9461015625
0 0.34342968749999997 0.8957734374999999 0.2927578125 0.8957734374999999 0.2927578125 0.9226953124999999 0.34342968749999997 0.9226953124999999 0.34342968749999997 0.8957734374999999
0 0.3667265625 0.8248359375 0.34283593749999997 0.8248359375 0.34283593749999997 0.8499140625000001 0.3667265625 0.8499140625000001 0.3667265625 0.8248359375
0 0.37740625 0.8964921875 0.34259375 0.8964921875 0.34259375 0.9233515625000001 0.37740625 0.9233515625000001 0.37740625 0.8964921875
0 0.4213984375 0.8967265624999999 0.3872578125 0.8967265624999999 0.3872578125 0.9248671875 0.4213984375 0.9248671875 0.4213984375 0.8967265624999999
0 0.4608359375 0.8980625 0.43294531249999996 0.8980625 0.43294531249999996 0.9253125000000001 0.4608359375 0.9253125000000001 0.4608359375 0.8980625
0 0.4633046875 0.9463593749999999 0.4274453125 0.9463593749999999 0.4274453125 0.9752968750000001 0.4633046875 0.9752968750000001 0.4633046875 0.9463593749999999
0 0.5098984375 0.898 0.47103906249999994 0.898 0.47103906249999994 0.92621875 0.5098984375 0.92621875 0.5098984375 0.898
0 0.5046328124999999 0.9472109375000001 0.4632109375 0.9472109375000001 0.4632109375 0.9763828125 0.5046328124999999 0.9763828125 0.5046328124999999 0.9472109375000001
0 0.5450781250000001 0.8986875 0.5095156249999999 0.8986875 0.5095156249999999 0.9269999999999999 0.5450781250000001 0.9269999999999999 0.5450781250000001 0.8986875
0 0.5843828125 0.9000468749999999 0.5448046875 0.9000468749999999 0.5448046875 0.9280781250000001 0.5843828125 0.9280781250000001 0.5843828125 0.9000468749999999
0 0.5433749999999999 0.9487500000000001 0.504625 0.9487500000000001 0.504625 0.9768437499999999 0.5433749999999999 0.9768437499999999 0.5433749999999999 0.9487500000000001
0 0.5816015625000001 0.9487500000000001 0.5429296875 0.9487500000000001 0.5429296875 0.9774687500000001 0.5816015625000001 0.9774687500000001 0.5816015625000001 0.9487500000000001
0 0.6197734374999999 0.9003671875 0.5837265625 0.9003671875 0.5837265625 0.9282265625000001 0.6197734374999999 0.9282265625000001 0.6197734374999999 0.9003671875
0 0.6212421875 0.9505156250000001 0.5813203125 0.9505156250000001 0.5813203125 0.977765625 0.6212421875 0.977765625 0.6212421875 0.9505156250000001
0 0.6643515625 0.862296875 0.6453671875 0.862296875 0.6453671875 0.928796875 0.6643515625 0.928796875 0.6643515625 0.862296875
0 0.366796875 0.7685703125 0.342265625 0.7685703125 0.342265625 0.7906171875 0.366796875 0.7906171875 0.366796875 0.7685703125
0 0.22296093749999998 0.7048281249999999 0.1458828125 0.7048281249999999 0.1458828125 0.765671875 0.22296093749999998 0.765671875 0.22296093749999998 0.7048281249999999
0 0.7281953125 0.4712734375 0.7039609375 0.4712734375 0.7039609375 0.5157265625 0.7281953125 0.5157265625 0.7281953125 0.4712734375
0 0.7288515624999999 0.42658593749999996 0.7044296875 0.42658593749999996 0.7044296875 0.4713828125 0.7288515624999999 0.4713828125 0.7288515624999999 0.42658593749999996
0 0.72928125 0.388296875 0.70490625 0.388296875 0.70490625 0.427921875 0.72928125 0.427921875 0.72928125 0.388296875
0 0.6654838359374999 0.506782009375 0.6784631531249999 0.5071236796874999 0.6827326671875 0.5011444359375 0.703055525 0.5013152765625 0.704934109375 0.3933472015625 0.6555916640625 0.393325040625 0.6547246734375001 0.5006319359375 0.661043546875 0.5011444359375 0.6654838359374999 0.506782009375
0 0.6864921875000001 0.309328125 0.6576640625 0.309328125 0.6576640625 0.358578125 0.6864921875000001 0.358578125 0.6864921875000001 0.309328125
0 0.7298671875 0.304828125 0.7061328125 0.304828125 0.7061328125 0.350203125 0.7298671875 0.350203125 0.7298671875 0.304828125
0 0.7298671875 0.349921875 0.7050078125 0.349921875 0.7050078125 0.388140625 0.7298671875 0.388140625 0.7298671875 0.349921875
0 0.7310546875 0.261984375 0.7065078125 0.261984375 0.7065078125 0.29276562500000003 0.7310546875 0.29276562500000003 0.7310546875 0.261984375
0 0.731921875 0.23625 0.707265625 0.23625 0.707265625 0.26253125 0.731921875 0.26253125 0.731921875 0.23625
0 0.8077343750000001 0.31478125 0.7857968750000001 0.31478125 0.7857968750000001 0.33990624999999997 0.8077343750000001 0.33990624999999997 0.8077343750000001 0.31478125
0 0.7322656249999999 0.184953125 0.706890625 0.184953125 0.706890625 0.21001562499999998 0.7322656249999999 0.21001562499999998 0.7322656249999999 0.184953125
0 0.7320859375000001 0.158078125 0.7074453125 0.158078125 0.7074453125 0.184734375 0.7320859375000001 0.184734375 0.7320859375000001 0.158078125
0 0.7320781249999999 0.10546875 0.707703125 0.10546875 0.707703125 0.13359375 0.7320781249999999 0.13359375 0.7320781249999999 0.10546875
0 0.604515625 0.1229453125 0.557328125 0.1229453125 0.557328125 0.19305468750000002 0.604515625 0.19305468750000002 0.604515625 0.1229453125
0 0.633203125 0.21369531249999998 0.576671875 0.21369531249999998 0.576671875 0.2407109375 0.633203125 0.2407109375 0.633203125 0.21369531249999998
0 0.5765156250000001 0.21276562499999999 0.542859375 0.21276562499999999 0.542859375 0.23985937499999999 0.5765156250000001 0.23985937499999999 0.5765156250000001 0.21276562499999999
0 0.7322656249999999 0.07746875 0.708203125 0.07746875 0.708203125 0.1056875 0.7322656249999999 0.1056875 0.7322656249999999 0.07746875
0 0.7336171874999999 0.0288046875 0.7081953125 0.0288046875 0.7081953125 0.055757812500000004 0.7336171874999999 0.055757812500000004 0.7336171874999999 0.0288046875
0 0.7081953125 0 0.7081953125 0.0292890625 0.7339609375 0.0292890625 0.7339609375 0 0.7081953125 0
0 0.35915625 0.129140625 0.33046875 0.129140625 0.33046875 0.189765625 0.35915625 0.189765625 0.35915625 0.129140625
0 0.40946875 0.09761718750000001 0.38175 0.09761718750000001 0.38175 0.1308828125 0.40946875 0.1308828125 0.40946875 0.09761718750000001
0 0.41046875 0.07080468749999999 0.38190625 0.07080468749999999 0.38190625 0.0987578125 0.41046875 0.0987578125 0.41046875 0.07080468749999999
0 0.40975 0.042578125 0.38268749999999996 0.042578125 0.38268749999999996 0.071203125 0.40975 0.071203125 0.40975 0.042578125
0 0.4101796875 0.0116875 0.3823828125 0.0116875 0.3823828125 0.04309375 0.4101796875 0.04309375 0.4101796875 0.0116875
0 0.3828359375 0 0.3828359375 0.011875 0.41088281249999997 0.011875 0.41088281249999997 0 0.3828359375 0
0 0.192546875 0.2798984375 0.146890625 0.2798984375 0.146890625 0.3002265625 0.192546875 0.3002265625 0.192546875 0.2798984375
0 0.2446875 0.281 0.20534375 0.281 0.20534375 0.301625 0.2446875 0.301625 0.2446875 0.281
0 0.2971171875 0.20985937500000001 0.2556953125 0.20985937500000001 0.2556953125 0.236734375 0.2971171875 0.236734375 0.2971171875 0.20985937500000001
0 0.3340546875 0.21007812499999998 0.29782031249999996 0.21007812499999998 0.29782031249999996 0.236734375 0.3340546875 0.236734375 0.3340546875 0.21007812499999998
0 0.37405468750000004 0.2102890625 0.3346953125 0.2102890625 0.3346953125 0.23633593749999998 0.37405468750000004 0.23633593749999998 0.37405468750000004 0.2102890625
0 0.37365624999999997 0.23655468750000003 0.352 0.23655468750000003 0.352 0.2781328125 0.37365624999999997 0.2781328125 0.37365624999999997 0.23655468750000003
0 0.4142421875 0.2098515625 0.37410156250000004 0.2098515625 0.37410156250000004 0.2373359375 0.4142421875 0.2373359375 0.4142421875 0.2098515625
0 0.45823437499999997 0.21159374999999997 0.414828125 0.21159374999999997 0.414828125 0.23871875 0.45823437499999997 0.23871875 0.45823437499999997 0.21159374999999997
0 0.4976328125 0.21160937500000002 0.45730468750000003 0.21160937500000002 0.45730468750000003 0.254453125 0.4976328125 0.254453125 0.4976328125 0.21160937500000002
0 0.5428828125 0.21291406249999997 0.4980234375 0.21291406249999997 0.4980234375 0.2391171875 0.5428828125 0.2391171875 0.5428828125 0.21291406249999997
0 0.7122019171875 0.9607570531249999 0.8968260421875 0.9643086578125001 0.8968260421875 0.9086999375 0.9167086390625 0.909126125 0.9171346984375001 0.878557659375 0.896968075 0.8788417875000001 0.8979621874999999 0.8223001453125001 0.7136220984375 0.81945885625 0.7137641218749999 0.8045420921875 0.6639226765624999 0.80345703125 0.6633150921875 0.9765262015625 0.7122019171875 0.9769523984375 0.7122019171875 0.9607570531249999
0 0.9167031250000001 0.859234375 0.8972031250000001 0.859234375 0.8972031250000001 0.878734375 0.9167031250000001 0.878734375 0.9167031250000001 0.859234375
0 0.9162890625 0.9090859375000001 0.8968984375 0.9090859375000001 0.8968984375 0.9267578125 0.9162890625 0.9267578125 0.9162890625 0.9090859375000001
0 0.3207634640625 0.724842590625 0.33340090624999996 0.724842590625 0.33279912500000003 0.66825664375 0.2943156453125 0.6671933796875 0.2932318515625 0.768486009375 0.3210643453125 0.76818503125 0.3207634640625 0.724842590625
0 0.3674017015625 0.7264980296875 0.37913648125 0.7264980296875 0.3788356 0.66855763125 0.342648034375 0.6681865109375 0.3421267765625 0.768688653125 0.3669503609375 0.7689896421875 0.3674017015625 0.7264980296875
0 0.42035868125000003 0.7265336312499999 0.4278809859375 0.7265336312499999 0.42803140624999997 0.669496203125 0.388828640625 0.6691597796875 0.3880127921875 0.7692740859375 0.42096048281250004 0.7698760625000001 0.42035868125000003 0.7265336312499999
0 0.46610269375 0.7281890718749999 0.47001430624999996 0.728339571875 0.4707665296875 0.6703991671875 0.43749207500000004 0.6699873890625 0.43661529374999997 0.7700265625 0.46580181249999997 0.77032755 0.46610269375 0.7281890718749999
0 0.49171771093750005 0.7709295265625 0.51308104375 0.7715315031250001 0.5147359484375 0.6803318078125 0.47712446249999996 0.67942884375 0.47637221875 0.7391751765625 0.49186817187500004 0.7396266640625 0.49171771093750005 0.7709295265625
0 0.5360992609374999 0.739777153125 0.5422675421875 0.739777153125 0.5430198046875 0.6803318078125 0.5148205890625001 0.6802497453125 0.51308104375 0.7716820015625 0.5357983796875 0.771832490625 0.5360992609374999 0.739777153125
0 0.5622959515625 0.7728961640625001 0.5868651609375 0.7728961640625001 0.5881433375 0.681406665625 0.5497039265625 0.68017578125 0.5489461984374999 0.740505465625 0.5622959515625 0.740789603125 0.5622959515625 0.7728961640625001
0 0.6122864890625 0.7406475343750001 0.621801728125 0.74036340625 0.621801728125 0.6811225328125 0.5879851765625 0.68095703125 0.5862970875 0.7726120265625 0.612144475 0.7738906171875 0.6122864890625 0.7406475343750001
0 0.190090628125 0.38732835625 0.149129 0.3864054953125 0.14839095468750002 0.42331979375 0.13923726875 0.4232096515625 0.1369512140625 0.5029180640625001 0.18566235625 0.5040255015625 0.190090628125 0.38732835625
0 0.186031365625 0.490920921875 0.189906121875 0.490920921875 0.1921202578125 0.4975654875 0.2074347546875 0.4975654875 0.2098334203125 0.490920921875 0.21776741406250003 0.49110548749999994 0.22145766562500002 0.38663803125 0.1997317171875 0.386263378125 0.19876269062500002 0.4152466125 0.1891680765625 0.4152466125 0.186031365625 0.490920921875
0 0.22459435156250002 0.49719634687500003 0.23898629843750002 0.49701178125 0.2410159296875 0.492212925 0.24728932656249997 0.492212925 0.24950346250000002 0.416538609375 0.2415694453125 0.41672318593749996 0.2419384796875 0.38663803125 0.2208438734375 0.386263378125 0.217582909375 0.49147462812500003 0.22293375625 0.49147462812500003 0.22459435156250002 0.49719634687500003
0 0.247788996875 0.469064721875 0.28850241875 0.4701001390625 0.291952721875 0.3708722515625 0.2600669140625 0.370937040625 0.25882991718750004 0.399001203125 0.2500316734375 0.399001203125 0.247788996875 0.469064721875
0 0.328525784375 0.4005543375 0.3188649765625 0.40072690624999996 0.3197275640625 0.37018196875 0.2916076828125 0.3700094 0.2883299109375 0.4701001390625 0.3273182046875 0.47130813437499997 0.328525784375 0.4005543375
0 0.36917218125 0.370620109375 0.33790533125 0.370471171875 0.3374586578125 0.4008544953125 0.3289093359375 0.4009510875 0.3274830484375 0.4713021046875 0.367236625 0.47204679687500006 0.36917218125 0.370620109375
0 0.41443465625 0.40323750468749997 0.41011687031250005 0.40323750468749997 0.41130798593750006 0.3579603921875 0.3695341578125 0.358196740625 0.367236625 0.47219573906249995 0.411754659375 0.4736851125 0.41443465625 0.40323750468749997
0 0.45430927812500005 0.37938843437499997 0.4232726109375 0.378644796875 0.42290092812499996 0.40262696406250004 0.41379434843749996 0.402812871875 0.4123075671875 0.4732721 0.4529973328125 0.473817925 0.45430927812500005 0.37938843437499997
0 0.4939764484375 0.4044688578125 0.48251990625 0.40432193281249995 0.48266679999999995 0.37978528906250003 0.45461132656250003 0.3794451984375 0.45314420625 0.4755810421875 0.4933889359375 0.477050296875 0.4939764484375 0.4044688578125
0 0.5298148265625 0.40549733750000005 0.52144271875 0.40549733750000005 0.5220302515624999 0.3805199203125 0.49468738125 0.3800915875 0.49309517031250005 0.4767564453125 0.5290804 0.477197228125 0.5298148265625 0.40549733750000005
0 0.5685915984375 0.40623414062499996 0.56418903125 0.40623414062499996 0.563762971875 0.3805204765625 0.5392351765625001 0.38048828125 0.5379155843750001 0.4782608125 0.5681655390625 0.47882906875 0.5685915984375 0.40623414062499996
0 0.5754084890625 0.48010765 0.603528165625 0.479681453125 0.6039542250000001 0.381941121875 0.5825164265625 0.38205078124999997 0.5827934703125 0.4063762046875 0.5749824484375 0.4063762046875 0.5754084890625 0.48010765
0 0.6295175656249999 0.40793891406249994 0.622842690625 0.408080978125 0.622984721875 0.3820831859375 0.6043914265625 0.38205078124999997 0.6036701984375 0.479681453125 0.6292335390625 0.47996558125 0.6295175656249999 0.40793891406249994
0 0.33043049375 0.165203740625 0.277848615625 0.164019078125 0.277848615625 0.1372457765625 0.17411469375 0.134770225 0.172684828125 0.18652760156249998 0.3299568 0.189370790625 0.33043049375 0.165203740625
0 0.1760107359375 0 0.17597363593749998 0.011029875 0.23693781249999998 0.0115100625 0.23677780624999997 0.0023864906250000003 0.27246026562500003 0.002226428125 0.27246026562500003 0 0.1760107359375 0
0 0.2710559734375 0.0218218578125 0.2366657890625 0.02165881875 0.23682876875 0.0115503890625 0.17540757812500002 0.010860084374999999 0.1752198328125 0.039756175 0.2710559734375 0.041712645312500005 0.2710559734375 0.0218218578125
0 0.2363398265625 0.061766478125 0.271381934375 0.061277356250000005 0.271218953125 0.041386568750000005 0.175048940625 0.0395511578125 0.175056853125 0.0691032375 0.2366657890625 0.069429315625 0.2363398265625 0.061766478125
0 0.2710559734375 0.07888559687499999 0.2366657890625 0.078233440625 0.2366657890625 0.06975539375 0.1746903015625 0.0691388265625 0.1745678890625 0.0943743265625 0.2707299890625 0.09584168125 0.2710559734375 0.07888559687499999
0 0.23748071406250001 0.1172280640625 0.270567009375 0.11706502031249999 0.27040402812500003 0.09584168125 0.17415234375 0.094781471875 0.1735899828125 0.1266843453125 0.23748071406250001 0.1276625765625 0.23748071406250001 0.1172280640625
0 0.8495384609375 0 0.8494339421875001 0.00428684375 0.8121037453125 0.003670484375 0.8107037125 0.057445471875 0.8485332484375 0.058346468750000005 0.84871338125 0.0653742171875 0.9105015812499999 0.0650138203125 0.9187880578125001 0.059968253125 0.9189681921874999 0.044471165624999996 0.9108618734375 0.04050679375 0.9110420078124999 0.0214057234375 0.9205894703125 0.015459165624999998 0.9205894703125 0.0039264484375 0.9115824328125001 0.0010432671875 0.9115244953125 0 0.8495384609375 0
0 0.8472722609375 0.1411201265625 0.9079796328124999 0.1431023125 0.907799475 0.14003893750000002 0.9164462203125 0.1351735671875 0.9164462203125 0.1220190578125 0.912122859375 0.11895568125 0.9094207531249999 0.118775484375 0.909781021875 0.0982328296875 0.9187880578125001 0.091205075 0.9187880578125001 0.084357521875 0.9142845390625001 0.0780505671875 0.9094207531249999 0.0780505671875 0.9094207531249999 0.0751673875 0.8474523953125 0.07444659218750001 0.8476325296875 0.084717921875 0.8105182078125001 0.0843346796875 0.809622884375 0.13391217500000002 0.847092103125 0.13391217500000002 0.8472722609375 0.1411201265625
0 0.8454708500000001 0.211460078125 0.8456509828125001 0.2190284140625 0.9059980875000001 0.22028980781250002 0.9151852343750001 0.2123610625 0.9144646734374999 0.20010754999999997 0.906718646875 0.1977649671875 0.9065384890624999 0.178123303125 0.91590581875 0.17343813749999998 0.9160859515625001 0.15704005468749999 0.907799475 0.15217468750000002 0.8467318359375 0.1505528984375 0.8465517015625 0.16568959218749998 0.8095272484375 0.165395259375 0.8094427265625 0.16550939375 0.809622884375 0.21200066718750002 0.8454708500000001 0.211460078125
0 0.8436694375 0.2981981078125 0.904196675 0.2989189015625 0.9137441140625 0.291891153125 0.9137441140625 0.27855644375 0.9061782203125001 0.2731504796875 0.9059980875000001 0.2556712015625 0.9142845390625001 0.250445434375 0.9146448312500001 0.235669140625 0.90689878125 0.2291819875 0.8456509828125001 0.2281007953125 0.8456509828125001 0.2376513265625 0.8087344796875 0.23714080937499998 0.8076413375 0.2927921375 0.843489303125 0.2933327390625 0.8436694375 0.2981981078125
0 0.904196675 0.33086090625 0.9090604609374999 0.33032030625000003 0.9130235531249999 0.3259955375 0.9132036875 0.31608460625 0.911942725 0.31212023437499997 0.9058179296875 0.3094172546875 0.9058179296875 0.3072548703125 0.8442098625 0.3063538734375 0.8440297296875 0.31482321875 0.8067406203124999 0.31428261874999996 0.8067406203124999 0.33951044375 0.904376809375 0.3407718375 0.904196675 0.33086090625
0 0.9036562484375 0.3773990078125 0.9117625671875 0.3725336390625 0.912483128125 0.35397317031250003 0.9045569421874999 0.350729596875 0.84276874375 0.3498286 0.8429488765625001 0.363163309375 0.8067525578125 0.36398376875 0.8056597921875 0.3894723234375 0.9034761140625 0.3898327203125 0.9036562484375 0.3773990078125
0 0.8402467703125 0.42515166875 0.9025753968749999 0.4256922703125 0.9105015812499999 0.41830412499999997 0.9105015812499999 0.4037080171875 0.9061782203125001 0.400104053125 0.90329595625 0.400104053125 0.90329595625 0.3898327203125 0.8055634046875 0.389550553125 0.805479634375 0.418123921875 0.8404269046874999 0.41830412499999997 0.8402467703125 0.42515166875
0 0.8397063453125 0.516904053125 0.9005938499999999 0.5174446421875001 0.9002335828125 0.51239908125 0.9092405953125 0.5078941078125 0.9090604609374999 0.49221682187500004 0.9014945687499999 0.4855494703125 0.9014945687499999 0.46212363281249996 0.9096008875000001 0.457618659375 0.9099611796874999 0.4421215796875 0.9014945687499999 0.43473342343750004 0.8413276234374999 0.434192834375 0.8415077578125001 0.44320276875 0.80397786875 0.4428642359375 0.8033179531249999 0.505191128125 0.8400666375 0.5057317296875 0.8397063453125 0.516904053125