0 0.22063281250000003 0.5386328125000001 0.1843671875 0.5386328125000001 0.1843671875 0.5673671875 0.22063281250000003 0.5673671875 0.22063281250000003 0.5386328125000001
0 0.9284453125000001 0.482859375 0.7013984375 0.482859375 0.7013984375 0.585328125 0.9284453125000001 0.585328125 0.9284453125000001 0.482859375
0 0.733125 0.38890625 0.7029687499999999 0.38890625 0.7029687499999999 0.425625 0.733125 0.425625 0.733125 0.38890625
0 0.73265625 0.34859375 0.70265625 0.34859375 0.70265625 0.38859374999999996 0.73265625 0.38859374999999996 0.73265625 0.34859375
0 0.7329687500000001 0.31515624999999997 0.703125 0.31515624999999997 0.703125 0.3484375 0.7329687500000001 0.3484375 0.7329687500000001 0.31515624999999997
0 0.7329687500000001 0.271875 0.70421875 0.271875 0.70421875 0.3146875 0.7329687500000001 0.3146875 0.7329687500000001 0.271875
0 0.7329687500000001 0.2340625 0.70421875 0.2340625 0.70421875 0.27109375 0.7329687500000001 0.27109375 0.7329687500000001 0.2340625
0 0.7328125 0.2015625 0.7046875 0.2015625 0.7046875 0.2340625 0.7328125 0.2340625 0.7328125 0.2015625
0 0.73265625 0.16875 0.7046875 0.16875 0.7046875 0.20109375 0.73265625 0.20109375 0.73265625 0.16875
0 0.7334375 0.08265625 0.69921875 0.08265625 0.69921875 0.16828125 0.7334375 0.16828125 0.7334375 0.08265625
0 0.7642187500000001 0.05078125 0.70796875 0.05078125 0.70796875 0.0809375 0.7642187500000001 0.0809375 0.7642187500000001 0.05078125
0 0.7485703125 0 0.7485703125 0.0340078125 0.7730234375 0.0340078125 0.7730234375 0 0.7485703125 0
0 0.67671875 0.0515625 0.645625 0.0515625 0.645625 0.06937499999999999 0.67671875 0.06937499999999999 0.67671875 0.0515625
0 0.634375 0.05265625 0.57640625 0.05265625 0.57640625 0.06999999999999999 0.634375 0.06999999999999999 0.634375 0.05265625
0 0.58890625 0.0975 0.528125 0.0975 0.528125 0.12109375 0.58890625 0.12109375 0.58890625 0.0975
0 0.51296875 0.057343750000000006 0.47578125 0.057343750000000006 0.47578125 0.07890625 0.51296875 0.07890625 0.51296875 0.057343750000000006
0 0.38265625000000003 0 0.38265625000000003 0.0073437500000000005 0.41140625000000003 0.0073437500000000005 0.41140625000000003 0 0.38265625000000003 0
0 0.43515625 0.1203125 0.40421874999999996 0.1203125 0.40421874999999996 0.18078125 0.43515625 0.18078125 0.43515625 0.1203125
0 0.43453125000000004 0.18109375 0.40421874999999996 0.18109375 0.40421874999999996 0.20593750000000002 0.43453125000000004 0.20593750000000002 0.43453125000000004 0.18109375
0 0.72184375 0.5843125 0.70059375 0.5843125 0.70059375 0.6820625 0.72184375 0.6820625 0.72184375 0.5843125
0 0.7216484375000001 0.6814921875 0.7006015624999999 0.6814921875 0.7006015624999999 0.7117578124999999 0.7216484375000001 0.7117578124999999 0.7216484375000001 0.6814921875
0 0.7297421875000001 0.7125234375 0.7009765625 0.7125234375 0.7009765625 0.7326328125 0.7297421875000001 0.7326328125 0.7297421875000001 0.7125234375
0 0.738578125 0.7322578125 0.700609375 0.7322578125 0.700609375 0.7875234375 0.738578125 0.7875234375 0.738578125 0.7322578125
0 0.7421484375 0.81309375 0.6626328125 0.81309375 0.6626328125 0.8495625 0.7421484375 0.8495625 0.7421484375 0.81309375
0 0.54278098125 0.6732450765625 0.5234912375 0.687023465625 0.545112709375 0.7162760453125 0.5650383796875 0.70228568125 0.54278098125 0.6732450765625
0 0.9121275343749999 0.0324505640625 0.9774560875 0.0328767515625 0.9771720421874999 0.0019067109374999998 0.8742351765624999 0.00189453125 0.8742085906250001 0.01994889375 0.9119855203125 0.02037508125 0.9121275343749999 0.0324505640625
0 0.8839100125 0.0797853546875 0.9775002578124999 0.0790750203125 0.9775002578124999 0.0329040796875 0.9042351765625 0.03330078125 0.9043607015624999 0.056202653125 0.8837679984375001 0.056344712500000005 0.8839100125 0.0797853546875
0 0.8845299859375 0.1295552453125 0.95142074375 0.1296973140625 0.95142074375 0.07983269062500001 0.8155089703125 0.0815374671875 0.815366946875 0.1108027390625 0.884387971875 0.1109448078125 0.8845299859375 0.1295552453125
0 0.9515627578125001 0.1296044703125 0.8173601765624999 0.13033203124999998 0.8170711734375 0.1681039359375 0.9515627578125001 0.1683880640625 0.9515627578125001 0.1296044703125
0 0.8853821046875 0.200494625 0.951846784375 0.20082797812500003 0.9517047703125 0.1683880640625 0.8170476765625001 0.16861328125 0.8167871375000001 0.19381759375000002 0.8852400906250001 0.194385859375 0.8853821046875 0.200494625
0 0.9519888171875 0.201254175 0.8853821046875 0.20082797812500003 0.8853821046875 0.20892565 0.8187664265624999 0.20861328124999998 0.8184913546875 0.2344972484375 0.95227284375 0.2346393171875 0.9519888171875 0.201254175
0 0.8849560453124999 0.2735895828125 0.95227284375 0.27486816406250003 0.952414875 0.2348059890625 0.8182976765625 0.23486328125 0.8182073187500001 0.2637871328125 0.8849560453124999 0.2644974578125 0.8849560453124999 0.2735895828125
0 0.952414875 0.27477531875 0.8852400906250001 0.2740650046875 0.8850980578125001 0.28131029218750003 0.8186101765625 0.28080078125 0.8186333781249999 0.31540575 0.9525568890624999 0.315689878125 0.952414875 0.27477531875
0 0.8859501765625 0.35179886250000003 0.9536930343750001 0.35250918750000004 0.953835046875 0.31557243125 0.8186101765625 0.31595703125 0.8186333781249999 0.34185435468750003 0.8859501765625 0.342280540625 0.8859501765625 0.35179886250000003
0 0.9536930343750001 0.3524040421875 0.8862342218749999 0.3519778453125 0.8862342218749999 0.36007551875 0.8195476765624999 0.35876953125 0.8192014515625001 0.3890566625 0.953835046875 0.3906193703125 0.9536930343750001 0.3524040421875
0 0.8846720187500001 0.42588827343749996 0.9541190937499999 0.4265985984375 0.9539770796875 0.390514225 0.8195476765624999 0.38923828125000004 0.8197695234375001 0.4158016953125 0.8845299859375 0.4158016953125 0.8846720187500001 0.42588827343749996
0 0.9511473859375 0.7177889296875 0.9599525390625001 0.711680153125 0.9599525390625001 0.70315629375 0.9571121578125 0.69591100625 0.951715459375 0.69591100625 0.951715459375 0.6912228796875 0.9052753890625 0.6912228796875 0.9052753890625 0.70542931875 0.8559539265625 0.7050195312499999 0.8561369703124999 0.73085885625 0.9510053734374999 0.730432659375 0.9511473859375 0.7177889296875
0 0.903713184375 0.7679376734375001 0.9500112406250001 0.7676535546875 0.9586743625 0.762113034375 0.9588163953125 0.7503216875 0.9565440859375001 0.7479065859375 0.950863340625 0.7479065859375 0.9507213265625 0.7307167875 0.8556414265625 0.7311132812500001 0.8552848515625 0.7564304546875 0.9038551984375 0.7562883859375 0.903713184375 0.7679376734375001