0 0.7463828125 0.3542578125 0.7159609375 0.3542578125 0.7159609375 0.4133671875 0.7463828125 0.4133671875 0.7463828125 0.3542578125
0 0.73940625 0.4140703125 0.7154375 0.4140703125 0.7154375 0.4673984375 0.73940625 0.4673984375 0.73940625 0.4140703125
0 0.7584140625 0.4669921875 0.7150859374999999 0.4669921875 0.7150859374999999 0.5105078125 0.7584140625 0.5105078125 0.7584140625 0.4669921875
0 0.7459921875 0.5111328125 0.7149140625 0.5111328125 0.7149140625 0.5485859375000001 0.7459921875 0.5485859375000001 0.7459921875 0.5111328125
0 0.744609375 0.5489609375 0.714859375 0.5489609375 0.714859375 0.5939765625 0.744609375 0.5939765625 0.744609375 0.5489609375
0 0.7435703124999999 0.5942421875 0.7138984374999999 0.5942421875 0.7138984374999999 0.6400390625 0.7435703124999999 0.6400390625 0.7435703124999999 0.5942421875
0 0.7439218750000001 0.6404765625 0.713328125 0.6404765625 0.713328125 0.6834921875 0.7439218750000001 0.6834921875 0.7439218750000001 0.6404765625
0 0.7428671875 0.6834687500000001 0.7131328124999999 0.6834687500000001 0.7131328124999999 0.728875 0.7428671875 0.728875 0.7428671875 0.6834687500000001
0 0.7383671875 0.729515625 0.7125703125 0.729515625 0.7125703125 0.763671875 0.7383671875 0.763671875 0.7383671875 0.729515625
0 0.7381875 0.76371875 0.712375 0.76371875 0.712375 0.79965625 0.7381875 0.79965625 0.7381875 0.76371875
0 0.7373203125 0.8000234374999999 0.7119921875 0.8000234374999999 0.7119921875 0.8347890625 0.7373203125 0.8347890625 0.7373203125 0.8000234374999999
0 0.737140625 0.8351796874999999 0.711984375 0.8351796874999999 0.711984375 0.8712890625 0.737140625 0.8712890625 0.737140625 0.8351796874999999
0 0.75190625 0.8712890625 0.71065625 0.8712890625 0.71065625 0.9083046875 0.75190625 0.9083046875 0.75190625 0.8712890625
0 0.842234375 0.6523671875 0.8190781250000001 0.6523671875 0.8190781250000001 0.6849765624999999 0.842234375 0.6849765624999999 0.842234375 0.6523671875
0 0.8416640624999999 0.6854921875 0.8186171874999999 0.6854921875 0.8186171874999999 0.7177890625 0.8416640624999999 0.7177890625 0.8416640624999999 0.6854921875
0 0.842234375 0.5943906250000001 0.819703125 0.5943906250000001 0.819703125 0.6270781249999999 0.842234375 0.6270781249999999 0.842234375 0.5943906250000001
0 0.8430781250000001 0.561890625 0.819703125 0.561890625 0.819703125 0.593984375 0.8430781250000001 0.593984375 0.8430781250000001 0.561890625
0 0.843515625 0.512203125 0.8215781249999999 0.512203125 0.8215781249999999 0.5385156249999999 0.843515625 0.5385156249999999 0.843515625 0.512203125
0 0.8643906250000001 0.48236718749999996 0.844078125 0.48236718749999996 0.844078125 0.5108203125 0.8643906250000001 0.5108203125 0.8643906250000001 0.48236718749999996
0 0.24139062500000003 0.5800156249999999 0.186109375 0.5800156249999999 0.186109375 0.605296875 0.24139062500000003 0.605296875 0.24139062500000003 0.5800156249999999
0 0.3012421875 0.5821562499999999 0.24216406250000003 0.5821562499999999 0.24216406250000003 0.6066874999999999 0.3012421875 0.6066874999999999 0.3012421875 0.5821562499999999
0 0.3558046875 0.583703125 0.3007265625 0.583703125 0.3007265625 0.608921875 0.3558046875 0.608921875 0.3558046875 0.583703125
0 0.3843671875 0.584359375 0.3552890625 0.584359375 0.3552890625 0.610453125 0.3843671875 0.610453125 0.3843671875 0.584359375
0 0.41323437500000004 0.5854921875 0.384359375 0.5854921875 0.384359375 0.6120078125 0.41323437500000004 0.6120078125 0.41323437500000004 0.5854921875
0 0.4549609375 0.5870234375 0.41344531250000005 0.5870234375 0.41344531250000005 0.6132265625 0.4549609375 0.6132265625 0.4549609375 0.5870234375
0 0.49043749999999997 0.5885703125 0.45534375000000005 0.5885703125 0.45534375000000005 0.6139296875 0.49043749999999997 0.6139296875 0.49043749999999997 0.5885703125
0 0.5238437499999999 0.5895234375 0.49074999999999996 0.5895234375 0.49074999999999996 0.6153203125 0.5238437499999999 0.6153203125 0.5238437499999999 0.5895234375
0 0.5603828125 0.590734375 0.5240546875 0.590734375 0.5240546875 0.616390625 0.5603828125 0.616390625 0.5603828125 0.590734375
0 0.5932578125 0.5917578125 0.5601796875 0.5917578125 0.5601796875 0.6177734375 0.5932578125 0.6177734375 0.5932578125 0.5917578125
0 0.6301953124999999 0.5928203125 0.5927734375 0.5928203125 0.5927734375 0.6187734375 0.6301953124999999 0.6187734375 0.6301953124999999 0.5928203125
0 0.6875625000000001 0.594578125 0.6303124999999999 0.594578125 0.6303124999999999 0.619890625 0.6875625000000001 0.619890625 0.6875625000000001 0.594578125
0 0.6882109375 0.6409609374999999 0.6529765624999999 0.6409609374999999 0.6529765624999999 0.6610390625 0.6882109375 0.6610390625 0.6882109375 0.6409609374999999
0 0.652859375 0.640328125 0.613765625 0.640328125 0.613765625 0.659890625 0.652859375 0.659890625 0.652859375 0.640328125
0 0.614078125 0.639234375 0.581109375 0.639234375 0.581109375 0.658890625 0.614078125 0.658890625 0.614078125 0.639234375
0 0.5804218750000001 0.637984375 0.545015625 0.637984375 0.545015625 0.6583281249999999 0.5804218750000001 0.6583281249999999 0.5804218750000001 0.637984375
0 0.545203125 0.6368984375 0.512515625 0.6368984375 0.512515625 0.6563515625 0.545203125 0.6563515625 0.545203125 0.6368984375
0 0.512390625 0.6358046875000001 0.477984375 0.6358046875000001 0.477984375 0.6553515625 0.512390625 0.6553515625 0.512390625 0.6358046875000001
0 0.47774218749999997 0.6351796875 0.44782031250000004 0.6351796875 0.44782031250000004 0.6550703125 0.47774218749999997 0.6550703125 0.47774218749999997 0.6351796875
0 0.42807812500000003 0.634859375 0.40610937500000005 0.634859375 0.40610937500000005 0.6700781250000001 0.42807812500000003 0.6700781250000001 0.42807812500000003 0.634859375
0 0.428359375 0.6701796875 0.40610937500000005 0.6701796875 0.40610937500000005 0.7043515625000001 0.428359375 0.7043515625000001 0.428359375 0.6701796875
0 0.428359375 0.7045546875 0.40610937500000005 0.7045546875 0.40610937500000005 0.7349453125000001 0.428359375 0.7349453125000001 0.428359375 0.7045546875
0 0.428359375 0.7350156250000001 0.405953125 0.7350156250000001 0.405953125 0.769328125 0.428359375 0.769328125 0.428359375 0.7350156250000001
0 0.428609375 0.7692187500000001 0.40620312500000005 0.7692187500000001 0.40620312500000005 0.83515625 0.428609375 0.83515625 0.428609375 0.7692187500000001
0 0.42935156250000006 0.8361171875 0.4056484375 0.8361171875 0.4056484375 0.9052578125 0.42935156250000006 0.9052578125 0.42935156250000006 0.8361171875
0 0.22331748125 0.40603567656250006 0.24251299375 0.406185684375 0.2436822078125 0.3408155578125 0.18895758125 0.34058087656249997 0.1878952671875 0.4538275921875 0.2225676640625 0.45388993749999995 0.22331748125 0.40603567656250006
0 0.263477578125 0.455327721875 0.3420591984375 0.45817798125 0.3422091578125 0.41032372031250003 0.3579554828125 0.410173703125 0.3582554015625 0.35721899218750003 0.24386713124999998 0.3532853109375 0.2424824921875 0.4056733046875 0.263477578125 0.4067234 0.263477578125 0.455327721875
0 0.367715321875 0.44106672968750005 0.41550115625000006 0.4428861546875 0.41550115625000006 0.41344453281250004 0.43368954375 0.41394074375 0.4340202515625 0.44387856562500005 0.4852784203125 0.446028796875 0.485609128125 0.41609097500000003 0.494537978125 0.41609097500000003 0.49536471562499995 0.36316221406250004 0.359053775 0.3573514328125 0.35795971249999997 0.4104672890625 0.367715321875 0.4104672890625 0.367715321875 0.44106672968750005
0 0.5055925515624999 0.4462415609375 0.5561729703125 0.4474670890625 0.5561729703125 0.41945505 0.5636987812500001 0.41945505 0.5636987812500001 0.3650066453125 0.49502735937500003 0.36293316249999996 0.4949164234375 0.41630369375000004 0.5054175390625 0.41717907343749994 0.5055925515624999 0.4462415609375
0 0.5750735406249999 0.45802784531249996 0.6142069640625001 0.459063459375 0.6142069640625001 0.421367253125 0.6274584765625 0.4211601390625 0.6266302578125 0.366272821875 0.5635547953125 0.36499774375 0.5632714171875 0.41929604062500003 0.5750735406249999 0.41929604062500003 0.5750735406249999 0.45802784531249996
0 0.629704715625 0.45957610468750004 0.65615365 0.46037785781249996 0.6569551312499999 0.36717538125 0.6273002734375 0.3669749390625 0.6270999109375001 0.42189424999999997 0.6293039890625 0.42169382187500004 0.629704715625 0.45957610468750004
0 0.68200146875 0.42269598906250005 0.690216690625 0.42269598906250005 0.6904170265625 0.36757625 0.6574414328125 0.36696365625 0.6557529234375 0.46037785781249996 0.6811999875 0.46037785781249996 0.68200146875 0.42269598906250005
0 0.6555546875 0.4599921875 0.6296640625000001 0.4599921875 0.6296640625000001 0.48266406249999994 0.6555546875 0.48266406249999994 0.6555546875 0.4599921875
0 0.6812578125 0.46065625 0.6559609375 0.46065625 0.6559609375 0.48246874999999995 0.6812578125 0.48246874999999995 0.6812578125 0.46065625
0 0.9047743718750001 0.39463246875 0.8706301609375 0.39445269843749997 0.8704504359375 0.45125829531250006 0.9046696015625001 0.4512292828125 0.9044509390625001 0.456478346875 0.9667731046875 0.456111928125 0.96676349375 0.44969830312500003 0.9746344953125 0.4440118203125 0.97485315625 0.4348259546875 0.9672007578124999 0.429139471875 0.9672007578124999 0.413610984375 0.9755090828125 0.4083619203125 0.975290421875 0.3963328140625 0.9676380234374999 0.38977148906250003 0.9676380234374999 0.3821166046875 0.976602275 0.3821166046875 0.9772582015625 0.3512783484375 0.8724388812500001 0.35298937812500003 0.8723108015625 0.3757739828125 0.904888234375 0.3753365609375 0.9047743718750001 0.39463246875
0 0.9562158765625 0.46774983593749997 0.88892059375 0.467584025 0.88892059375 0.48200910625000004 0.86436805625 0.48208959843750004 0.864389296875 0.5110250546875 0.956050109375 0.510361834375 0.9562158765625 0.46774983593749997
0 0.8880918203125001 0.5490663109375 0.9563816015625 0.5490663109375 0.9563816015625 0.5109310625 0.84394355625 0.5110850953125 0.843670309375 0.538454771875 0.8880918203125001 0.5379573515625 0.8880918203125001 0.5490663109375
0 0.9562158765625 0.5491381296875 0.8874288140625 0.548972325 0.8875945828124999 0.561573540625 0.8428415578124999 0.5617393453124999 0.8426758124999999 0.59440301875 0.9562158765625 0.59440301875 0.9562158765625 0.5491381296875
0 0.8870973234375 0.640374209375 0.9557186171875 0.6400426 0.9557186171875 0.5946119125 0.8426670250000001 0.5949714390625 0.84201280625 0.62793880625 0.8870973234375 0.6282704156250001 0.8870973234375 0.640374209375
0 0.955884340625 0.6405543828125 0.8866000625 0.6402227671875 0.886765809375 0.652492371875 0.841515546875 0.6521607625 0.8416812921875 0.6853218453125 0.955884340625 0.6849902359375 0.955884340625 0.6405543828125
0 0.8874288140625 0.7281283796875 0.9567131375000001 0.7289574109375 0.9563816015625 0.6858479921875 0.8416812921875 0.6853505765625 0.8413498015625 0.717848440625 0.8874288140625 0.717682640625 0.8874288140625 0.7281283796875
0 0.9562158765625 0.7289861359375001 0.8932301421875 0.7289861359375001 0.8932301421875 0.742582175 0.8184129296875 0.7425019875000001 0.818476028125 0.763639475 0.9563816015625 0.7641368843749999 0.9562158765625 0.7289861359375001
0 0.8920698765624999 0.8006284515625 0.9562158765625 0.80013103125 0.9563816015625 0.7643170515625 0.8182305671875 0.7642030203125 0.818476028125 0.7883588406250001 0.8920698765624999 0.78869045 0.8920698765624999 0.8006284515625
0 0.955884340625 0.8008373437499999 0.8925671359375 0.800671534375 0.8925671359375 0.8122779124999999 0.8176834828124999 0.812164125 0.8178130234375001 0.8344958421875001 0.9563816015625 0.8341642328125 0.955884340625 0.8008373437499999
0 0.8920698765624999 0.8734744890625 0.9562158765625 0.8734744890625 0.9562158765625 0.8351734296875 0.8171500171874999 0.8348418203125 0.8171500171874999 0.8623655187500001 0.8920698765624999 0.86319455 0.8920698765624999 0.8734744890625
0 0.956050109375 0.87369775 0.892235621875 0.873531940625 0.892235621875 0.8836460687500001 0.8173187593750001 0.8834675171875 0.8171500171874999 0.9100091390625 0.9563816015625 0.9115013890625001 0.956050109375 0.87369775
0 0.6860874828125 0.82271570625 0.6788450874999999 0.8226420828125001 0.67864099375 0.7526127546875 0.651970009375 0.75272808125 0.651150934375 0.882240703125 0.6859454890625 0.8823827625 0.6860874828125 0.82271570625
0 0.6123798546875 0.8822776171875001 0.6514349609375001 0.8825617453125 0.6520030343750001 0.7530549078125001 0.6223601765625 0.7529882812500001 0.6220371250000001 0.8198744171874999 0.613089959375 0.8198744171874999 0.6123798546875 0.8822776171875001
0 0.613231971875 0.8195902890625 0.6055629640625 0.8195902890625 0.605704996875 0.75253586875 0.5793914265625 0.75251953125 0.5795735828125 0.8818145062499999 0.6123798546875 0.8818145062499999 0.613231971875 0.8195902890625
0 0.5436823578125 0.881250278125 0.57965591875 0.8814074125 0.5793417296875 0.7513841875 0.553729746875 0.75132549375 0.5526364828125 0.8183940859375 0.5443107140625 0.8183940859375 0.5436823578125 0.881250278125
0 0.54415363125 0.8186811468749999 0.537398765625 0.8186811468749999 0.5386555015625001 0.7503250375 0.51259586875 0.7502885046875 0.5121073375 0.8809223812500001 0.5436823578125 0.8810795265625 0.54415363125 0.8186811468749999
0 0.4775475953125 0.8804373484375001 0.5121073375 0.8804373484375001 0.512264421875 0.749696478125 0.48667115625 0.7497700109375 0.4857162578125 0.817895440625 0.47801884843750003 0.817895440625 0.4775475953125 0.8804373484375001
0 0.47723340625 0.818209721875 0.47157817187499995 0.8183668671875 0.47173525625 0.7489107781250001 0.44795691875 0.748560190625 0.44864307812500004 0.880307428125 0.4775475953125 0.8801502921875001 0.47723340625 0.818209721875
0 0.2813670265625 0.892723425 0.35677889218750003 0.892439296875 0.35677889218750003 0.8689986640624999 0.2168914265625 0.8695507812500001 0.21717463593750003 0.9036623875 0.2813670265625 0.903520328125 0.2813670265625 0.892723425
0 0.3572049515625 0.8462683562500001 0.2805149265625 0.845984228125 0.2805149265625 0.8367500437500001 0.2168914265625 0.83673828125 0.216464540625 0.8694248609375 0.35706291874999996 0.8695669296874999 0.3572049515625 0.8462683562500001
0 0.2812250125 0.8283313203124999 0.35635283281249996 0.8281892515625 0.35677889218750003 0.8037541750000001 0.2168914265625 0.8037695312500001 0.21660656406249998 0.8367131203125 0.281083 0.8367131203125 0.2812250125 0.8283313203124999
0 0.3564948453125 0.7791647187499999 0.2790947359375 0.779448846875 0.2790947359375 0.76893608125 0.21579767656249998 0.76908203125 0.21561243125 0.8034577359374999 0.35635283281249996 0.8030315390625 0.3564948453125 0.7791647187499999
0 0.2790947359375 0.757132425 0.356636878125 0.757132425 0.356636878125 0.73383385625 0.21548517656250002 0.73330078125 0.21532839531249998 0.7686396421875 0.2790947359375 0.7686396421875 0.2790947359375 0.757132425
0 0.35677889218750003 0.71135075625 0.2782426171875 0.71135075625 0.2782426171875 0.70296895625 0.21548517656250002 0.70283203125 0.21532839531249998 0.73322868125 0.35677889218750003 0.73393900625 0.35677889218750003 0.71135075625
0 0.2778165578125 0.6903006046875 0.3572049515625 0.6903006046875 0.3572049515625 0.6688488765625 0.2150164265625 0.6670507812500001 0.21490233593750002 0.7023760875 0.2778165578125 0.7020919609375 0.2778165578125 0.6903006046875
0 0.35677889218750003 0.6446856171875 0.277958590625 0.6435491015625 0.277958590625 0.6323260109375 0.2150164265625 0.63158203125 0.21490233593750002 0.6671317984375 0.356636878125 0.6682683109374999 0.35677889218750003 0.6446856171875