0 0.46034375 0.23653125 0.43028125 0.23653125 0.43028125 0.27578125 0.46034375 0.27578125 0.46034375 0.23653125
0 0.521578125 0.23622656250000001 0.489734375 0.23622656250000001 0.489734375 0.2769609375 0.521578125 0.2769609375 0.521578125 0.23622656250000001
0 0.52153125 0.276078125 0.48946875 0.276078125 0.48946875 0.317671875 0.52153125 0.317671875 0.52153125 0.276078125
0 0.5248437499999999 0.372359375 0.48912500000000003 0.372359375 0.48912500000000003 0.420828125 0.5248437499999999 0.420828125 0.5248437499999999 0.372359375
0 0.51915625 0.4211171875 0.4891875 0.4211171875 0.4891875 0.46360156249999995 0.51915625 0.46360156249999995 0.51915625 0.4211171875
0 0.5361484375 0.463328125 0.49953906249999996 0.463328125 0.49953906249999996 0.488859375 0.5361484375 0.488859375 0.5361484375 0.463328125
0 0.527765625 0.4886015625 0.489171875 0.4886015625 0.489171875 0.5078984375 0.527765625 0.5078984375 0.527765625 0.4886015625
0 0.5066796874999999 0.50703125 0.4894765625 0.50703125 0.4894765625 0.5301875 0.5066796874999999 0.5301875 0.5066796874999999 0.50703125
0 0.4609375 0.50878125 0.43475 0.50878125 0.43475 0.5521874999999999 0.4609375 0.5521874999999999 0.4609375 0.50878125
0 0.46149218750000004 0.5518984375 0.4356640625 0.5518984375 0.4356640625 0.5961640625 0.46149218750000004 0.5961640625 0.46149218750000004 0.5518984375
0 0.4617890625 0.5958828125 0.4359609375 0.5958828125 0.4359609375 0.6517421875 0.4617890625 0.6517421875 0.4617890625 0.5958828125
0 0.5090546875 0.5949921875 0.4888828125 0.5949921875 0.4888828125 0.6235078125 0.5090546875 0.6235078125 0.5090546875 0.5949921875
0 0.5221640625 0.5497890625 0.48883593750000004 0.5497890625 0.48883593750000004 0.5943984375 0.5221640625 0.5943984375 0.5221640625 0.5497890625
0 0.5084921875 0.6502578125 0.4891328125 0.6502578125 0.4891328125 0.6868359374999999 0.5084921875 0.6868359374999999 0.5084921875 0.6502578125
0 0.5093515625 0.6859453125 0.48917968749999996 0.6859453125 0.48917968749999996 0.7156484375 0.5093515625 0.7156484375 0.5093515625 0.6859453125
0 0.461234375 0.651765625 0.435640625 0.651765625 0.435640625 0.685921875 0.461234375 0.685921875 0.461234375 0.651765625
0 0.46153125 0.6859531249999999 0.4359375 0.6859531249999999 0.4359375 0.719515625 0.46153125 0.719515625 0.46153125 0.6859531249999999
0 0.46153125 0.7195390625 0.4359375 0.7195390625 0.4359375 0.7626171875 0.46153125 0.7626171875 0.46153125 0.7195390625
0 0.46208593750000004 0.8173125000000001 0.4133828125 0.8173125000000001 0.4133828125 0.88565625 0.46208593750000004 0.88565625 0.46208593750000004 0.8173125000000001
0 0.5393671875 0.8577421875000001 0.4894765625 0.8577421875000001 0.4894765625 0.9079453125000001 0.5393671875 0.9079453125000001 0.5393671875 0.8577421875000001
0 0.322984375 0.8639921875000001 0.284359375 0.8639921875000001 0.284359375 0.8886328125 0.322984375 0.8886328125 0.322984375 0.8639921875000001
0 0.2635390625 0.792640625 0.22461718749999998 0.792640625 0.22461718749999998 0.8190781250000001 0.2635390625 0.8190781250000001 0.2635390625 0.792640625
0 0.22521093749999999 0.7628984375 0.1809140625 0.7628984375 0.1809140625 0.8181953125 0.22521093749999999 0.8181953125 0.22521093749999999 0.7628984375
0 0.1821161265625 0.8187993015625 0.181224375 0.8586318296875 0.2635439 0.85949983125 0.26326563593749996 0.8372292765625 0.2246230125 0.8372292765625 0.2246230125 0.8182047859375 0.1821161265625 0.8187993015625
0 0.184494134375 0.9008424203125 0.21481373124999997 0.9008424203125 0.21481373124999997 0.8948972656249999 0.28524092031250003 0.8954633859375001 0.28526220625 0.8642797249999999 0.184494134375 0.864874240625 0.184494134375 0.9008424203125
0 0.237404803125 0.946608409375 0.237404803125 0.933529071875 0.2694882890625 0.9341019156250001 0.2695079046875 0.9091539421875 0.1850886375 0.9091539421875 0.1847913859375 0.9463111515625 0.237404803125 0.946608409375
0 0.1850886375 0.9525535625 0.184494134375 0.9923860921875001 0.2388910578125 0.9926833484375001 0.2388910578125 0.987035453125 0.2706771671875 0.9870069812500001 0.27039965781249997 0.9632548390625001 0.2377020546875 0.9635520968750001 0.2377020546875 0.9525535625 0.1850886375 0.9525535625
0 0.4627265625 0.95134375 0.43058593749999996 0.95134375 0.43058593749999996 0.99296875 0.4627265625 0.99296875 0.4627265625 0.95134375
0 0.46302343749999997 0.9311328124999999 0.44544531249999997 0.9311328124999999 0.44544531249999997 0.9516484374999999 0.46302343749999997 0.9516484374999999 0.46302343749999997 0.9311328124999999
0 0.5099843749999999 0.9513359375 0.490921875 0.9513359375 0.490921875 0.9840390625 0.5099843749999999 0.9840390625 0.5099843749999999 0.9513359375
0 0.509390625 0.9123984374999999 0.489734375 0.9123984374999999 0.489734375 0.9513515625 0.509390625 0.9513515625 0.509390625 0.9123984374999999
0 0.6757890625 1 0.6757890625 0.9899765625000001 0.6549609375000001 0.9899765625000001 0.6549609375000001 1 0.6757890625 1
0 0.6864921875000001 0.949265625 0.6680390625 0.949265625 0.6680390625 0.976328125 0.6864921875000001 0.976328125 0.6864921875000001 0.949265625
0 0.780120521875 1 0.7801300890625 0.989691284375 0.67579500625 0.9899885421875 0.67579500625 1 0.780120521875 1
0 0.772698815625 0.9581936640625001 0.7724015640624999 0.94868141875 0.686496040625 0.95016770625 0.6867932921875 0.9757318671874999 0.7174101390625001 0.9757318671874999 0.717707390625 0.9843523390625 0.7726618203125 0.9843320062500001 0.7724015640624999 0.9801907312499999 0.7768603281249999 0.97632638125 0.7771575796875 0.96324704375 0.772698815625 0.9581936640625001
0 0.6624187140625 0.9367911109374999 0.6891712984375 0.9370883687499999 0.6891712984375 0.9445198109374999 0.765267540625 0.9442225531249999 0.7718070625 0.9385746578124999 0.7721043125 0.9263870921875 0.7667537953125 0.9225227421875 0.76586204375 0.867530071875 0.6677433500000001 0.8675247562499999 0.6680664828125 0.9082543734374999 0.6621214625 0.9082543734374999 0.6624187140625 0.9367911109374999
0 0.6701472390625 0.78967584375 0.67163349375 0.8491273796875 0.7162211359375 0.8491273796875 0.7162211359375 0.8577478515625 0.7792006484375 0.857122075 0.7786438343750001 0.7748129609375 0.7156266328124999 0.775407475 0.7153293828125 0.78967584375 0.6701472390625 0.78967584375
0 0.6888740484375 0.709416271875 0.6891712984375 0.7584637875 0.7215716515625 0.7587610453125 0.7215716515625 0.7697595796875001 0.7783465828125 0.7697595796875001 0.77804933125 0.6948506453125 0.7221345125 0.6951374671874999 0.7218689031250001 0.6942561296875 0.7221661546875 0.709416271875 0.6888740484375 0.709416271875
0 0.6814427750000001 0.653531828125 0.6814427750000001 0.6853384 0.7738506984375 0.6850320046875 0.7732933171874999 0.6419387796875 0.717707390625 0.6422360375 0.7171128875 0.65412634375 0.6814427750000001 0.653531828125
0 0.7783465828125 0.6056850359375 0.7732933171874999 0.6021179437499999 0.772996065625 0.593794728125 0.7028448421875 0.5940919859375 0.70314209375 0.625006784375 0.7263276671875001 0.6247095265625 0.7263276671875001 0.6291683921875 0.772959040625 0.62856030625 0.7741850703125001 0.6241150109375 0.77804933125 0.6220342078125001 0.7783465828125 0.6056850359375
0 0.6641953125 0.550390625 0.6293984375 0.550390625 0.6293984375 0.583984375 0.6641953125 0.583984375 0.6641953125 0.550390625
0 0.7028448421875 0.5842824828125 0.7028448421875 0.5940919859375 0.7658257734375 0.5940828484375 0.765267540625 0.5503951078125 0.6642022203125 0.5503951078125 0.6642022203125 0.5839852249999999 0.7028448421875 0.5842824828125
0 0.689171875 0.5072890625 0.6739843750000001 0.5072890625 0.6739843750000001 0.5352421875 0.689171875 0.5352421875 0.689171875 0.5072890625
0 0.7718070625 0.514735878125 0.7721043125 0.5073044375 0.6891712984375 0.5076016953125 0.68946855 0.5358411734375 0.7260304171875 0.535543915625 0.7260304171875 0.54000278125 0.7726618203125 0.540286125 0.772996065625 0.5364356890625 0.77775208125 0.5334631125 0.7774548296875 0.520383775 0.7718070625 0.514735878125
0 0.7132421875 0.4638984375 0.6430703125 0.4638984375 0.6430703125 0.4945390625 0.7132421875 0.4945390625 0.7132421875 0.4638984375
0 0.69453125 0.4475625 0.66834375 0.4475625 0.66834375 0.46421875 0.69453125 0.46421875 0.69453125 0.4475625
0 0.668958234375 0.44786459375 0.7117623703125 0.4487563671875 0.7114651203125 0.3875212859375 0.6948190671875001 0.3875212859375 0.69511631875 0.3732529171875 0.6433713531249999 0.372951565625 0.6428001515624999 0.421111403125 0.668958234375 0.421111403125 0.668958234375 0.44786459375
0 0.6427968749999999 0.3729453125 0.6270156250000001 0.3729453125 0.6270156250000001 0.41158593750000005 0.6427968749999999 0.41158593750000005 0.6427968749999999 0.3729453125
0 0.649640625 0.3164765625 0.627328125 0.3164765625 0.627328125 0.36017968749999996 0.649640625 0.36017968749999996 0.649640625 0.3164765625
0 0.6487451703125 0.32808144375000003 0.649042421875 0.3607797875 0.7658257734375 0.362251665625 0.765267540625 0.31797468281249996 0.706114603125 0.31767742499999996 0.706114603125 0.3292704734375 0.6487451703125 0.32808144375000003
0 0.6728224968750001 0.25228853125 0.6484479203125 0.25228853125 0.6484479203125 0.3081729734375 0.708195359375 0.30847023125 0.7084926109375 0.3173879625 0.76586204375 0.3185769921875 0.76586204375 0.311740065625 0.7721043125 0.3057949125 0.772996065625 0.293310090625 0.76615929375 0.2870676796875 0.76586204375 0.2668541578125 0.7724015640624999 0.2612062609375 0.7721043125 0.247829665625 0.7664565453125001 0.24366805781249998 0.76615929375 0.23683113125 0.708165196875 0.23652783125000001 0.7084926109375 0.2454516046875 0.6728224968750001 0.245154346875 0.6728224968750001 0.25228853125
0 0.26100920625 0.30320479218749996 0.30340012656250004 0.3035702390625 0.30340012656250004 0.2483877046875 0.26100920625 0.24875315156250002 0.26100920625 0.23669339374999998 0.19374397031249999 0.2366761 0.19303755625000002 0.3105137359375 0.2613746453125 0.3105137359375 0.26100920625 0.30320479218749996
0 0.3030346875 0.327324309375 0.26100920625 0.327324309375 0.26100920625 0.320015365625 0.193768434375 0.3196499171875 0.193768434375 0.3901812359375 0.2617084203125 0.3908750125 0.26100920625 0.382141396875 0.3030346875 0.38250684375 0.3030346875 0.327324309375
0 0.193768434375 0.3989280125 0.193768434375 0.47092111875000003 0.26100920625 0.4712865671875 0.26064376718750004 0.46434306875000003 0.3044602515625 0.4646858671875 0.30449644375 0.4022170375 0.26100920625 0.4022170375 0.26100920625 0.399293459375 0.193768434375 0.3989280125
0 0.193768434375 0.48261543125 0.1934029953125 0.509658528125 0.307018053125 0.5099954999999999 0.3066890765625 0.48919348124999995 0.26100920625 0.48919348124999995 0.26100920625 0.482249984375 0.193768434375 0.48261543125
0 0.3150941734375 0.509658528125 0.18463246093750002 0.5092930796874999 0.18463246093750002 0.5242764171875 0.1784199984375 0.528661784375 0.178054559375 0.5407215437499999 0.184267021875 0.5465686984375 0.184267021875 0.5480304874999999 0.24672700937499997 0.547631728125 0.24639164687499998 0.5403560953125 0.3150941734375 0.5407215437499999 0.3150941734375 0.509658528125
0 0.31399785625 0.55386326875 0.181343509375 0.5545941640625001 0.1809780703125 0.5739628671875 0.1747656078125 0.581637259375 0.1747656078125 0.594062465625 0.1791508765625 0.5980823859375 0.247457809375 0.597691565625 0.24712252499999998 0.5918697828124999 0.3143632953125 0.5918697828124999 0.31399785625 0.55386326875
0 0.295328125 0.598078125 0.180984375 0.598078125 0.180984375 0.6543281249999999 0.295328125 0.6543281249999999 0.295328125 0.598078125
0 0.181343509375 0.6543516781250001 0.1809780703125 0.6890691671875 0.2956906453125 0.6886762328125 0.2949950296875 0.6620260703125 0.24858428125 0.6620260703125 0.24858428125 0.6543516781250001 0.181343509375 0.6543516781250001
0 0.181343509375 0.6886941359375001 0.18024719218750002 0.696368528125 0.1747656078125 0.701484790625 0.1747656078125 0.7150063375 0.181343509375 0.720488046875 0.1809780703125 0.729989675 0.175131046875 0.7351059359375001 0.1747656078125 0.745338459375 0.1820743875 0.7500892734375 0.25004603593749997 0.7493583796875 0.25004603593749997 0.744607565625 0.29532524531250004 0.7445824734375 0.29536046875 0.6974648703125 0.250411475 0.6974648703125 0.250411475 0.6883286890625 0.181343509375 0.6886941359375001