0 0.096828125 0.1485078125 0.057015625 0.1485078125 0.057015625 0.1853671875 0.096828125 0.1853671875 0.096828125 0.1485078125
0 0.08284375000000001 0.11101562499999999 0.05721875 0.11101562499999999 0.05721875 0.148078125 0.08284375000000001 0.148078125 0.08284375000000001 0.11101562499999999
0 0.0826328125 0.07671093749999999 0.0572109375 0.07671093749999999 0.0572109375 0.11166406250000001 0.0826328125 0.11166406250000001 0.0826328125 0.07671093749999999
0 0.082859375 0.040273437499999995 0.057859375000000005 0.040273437499999995 0.057859375000000005 0.07713281250000001 0.082859375 0.07713281250000001 0.082859375 0.040273437499999995
0 0.08390625 0.0061875 0.058062499999999996 0.0061875 0.058062499999999996 0.040281250000000005 0.08390625 0.040281250000000005 0.08390625 0.0061875
0 0.25491406250000004 0.33752343749999997 0.042210937500000004 0.33752343749999997 0.042210937500000004 0.4183203125 0.25491406250000004 0.4183203125 0.25491406250000004 0.33752343749999997
0 0.321765625 0.336390625 0.254234375 0.336390625 0.254234375 0.41832812500000005 0.321765625 0.41832812500000005 0.321765625 0.336390625
0 0.11851562499999999 0.41809375 0.094203125 0.41809375 0.094203125 0.4793125 0.11851562499999999 0.4793125 0.11851562499999999 0.41809375
0 0.10928906249999999 0.495296875 0.0532421875 0.495296875 0.0532421875 0.526578125 0.10928906249999999 0.526578125 0.10928906249999999 0.495296875
0 0.0788984375 0.5270312500000001 0.043789062499999996 0.5270312500000001 0.043789062499999996 0.61278125 0.0788984375 0.61278125 0.0788984375 0.5270312500000001
0 0.0786796875 0.612796875 0.050539062499999995 0.612796875 0.050539062499999995 0.645203125 0.0786796875 0.645203125 0.0786796875 0.612796875
0 0.0784453125 0.64565625 0.0500859375 0.64565625 0.0500859375 0.6791875 0.0784453125 0.6791875 0.0784453125 0.64565625
0 0.078671875 0.678734375 0.049859375 0.678734375 0.049859375 0.716328125 0.078671875 0.716328125 0.078671875 0.678734375
0 0.07821875 0.7158828125000001 0.04940625 0.7158828125000001 0.04940625 0.7599921875 0.07821875 0.7599921875 0.07821875 0.7158828125000001
0 0.078 0.7599921875 0.0491875 0.7599921875 0.0491875 0.7939765624999999 0.078 0.7939765624999999 0.078 0.7599921875
0 0.078 0.794203125 0.04896875 0.794203125 0.04896875 0.832921875 0.078 0.832921875 0.078 0.794203125
0 0.0779921875 0.8333671875 0.0482890625 0.8333671875 0.0482890625 0.8696015625 0.0779921875 0.8696015625 0.0779921875 0.8333671875
0 0.2731015625 1 0.2731015625 0.926390625 0.0471484375 0.926390625 0.0471484375 1 0.2731015625 1
0 0.70775 1 0.70775 0.9775234375 0.6784375 0.9775234375 0.6784375 1 0.70775 1
0 0.70775 0.8840625 0.68621875 0.8840625 0.68621875 0.9773125 0.70775 0.9773125 0.70775 0.8840625
0 0.6859921875 0.8844921875 0.6635703125 0.8844921875 0.6635703125 0.9779765625 0.6859921875 0.9779765625 0.6859921875 0.8844921875
0 0.706421875 0.8558515625 0.6853281250000001 0.8558515625 0.6853281250000001 0.8838359375 0.706421875 0.8838359375 0.706421875 0.8558515625
0 0.7046328125 0.7978984375 0.6864296875 0.7978984375 0.6864296875 0.8174453125 0.7046328125 0.8174453125 0.7046328125 0.7978984375
0 0.6606875 0.7972265625 0.6209374999999999 0.7972265625 0.6209374999999999 0.8169921875 0.6606875 0.8169921875 0.6606875 0.7972265625
0 0.6211562500000001 0.797671875 0.5934062499999999 0.797671875 0.5934062499999999 0.8289843749999999 0.6211562500000001 0.8289843749999999 0.6211562500000001 0.797671875
0 0.621375 0.856078125 0.5936250000000001 0.856078125 0.5936250000000001 0.885390625 0.621375 0.885390625 0.621375 0.856078125
0 0.6966484375 0.67134375 0.6577890625 0.67134375 0.6577890625 0.79834375 0.6966484375 0.79834375 0.6966484375 0.67134375
0 0.7519375 0.7055390625 0.7264062499999999 0.7055390625 0.7264062499999999 0.7783671875 0.7519375 0.7783671875 0.7519375 0.7055390625
0 0.771484375 0.7945703125 0.7272968750000001 0.7945703125 0.7272968750000001 0.8818359375 0.771484375 0.8818359375 0.771484375 0.7945703125
0 0.81078125 1 0.81078125 0.8822812499999999 0.72840625 0.8822812499999999 0.72840625 1 0.81078125 1
0 0.8471953125 0.7947890625 0.8254296875 0.7947890625 0.8254296875 0.8298671875 0.8471953125 0.8298671875 0.8471953125 0.7947890625
0 0.7981171875 0.6104921875 0.7235078125000001 0.6104921875 0.7235078125000001 0.6831015625 0.7981171875 0.6831015625 0.7981171875 0.6104921875
0 0.7028671875 0.6546875 0.6786640625 0.6546875 0.6786640625 0.67134375 0.7028671875 0.67134375 0.7028671875 0.6546875
0 0.65734375 0.6700078125 0.48146875 0.6700078125 0.48146875 0.6988671875 0.65734375 0.6988671875 0.65734375 0.6700078125
0 0.6013828125 0.6411328125 0.5620859375 0.6411328125 0.5620859375 0.6611171875 0.6013828125 0.6611171875 0.6013828125 0.6411328125
0 0.5376562500000001 0.605390625 0.48259375000000004 0.605390625 0.48259375000000004 0.658015625 0.5376562500000001 0.658015625 0.5376562500000001 0.605390625
0 0.7403828125 0.47172656249999995 0.7095234375 0.47172656249999995 0.7095234375 0.5105859374999999 0.7403828125 0.5105859374999999 0.7403828125 0.47172656249999995
0 0.7394921875 0.5108046875000001 0.7090703125 0.5108046875000001 0.7090703125 0.5454453125 0.7394921875 0.5454453125 0.7394921875 0.5108046875000001
0 0.7394921875 0.5454375 0.7086328125 0.5454375 0.7086328125 0.58340625 0.7394921875 0.58340625 0.7394921875 0.5454375
0 0.7406015625 0.41821093749999994 0.7075234375 0.41821093749999994 0.7075234375 0.4592890625 0.7406015625 0.4592890625 0.7406015625 0.41821093749999994
0 0.741046875 0.3882265625 0.707734375 0.3882265625 0.707734375 0.4186484375 0.741046875 0.4186484375 0.741046875 0.3882265625
0 0.617140625 0.3960078125 0.594265625 0.3960078125 0.594265625 0.4177734375 0.617140625 0.4177734375 0.617140625 0.3960078125
0 0.617375 0.41753906250000006 0.5925 0.41753906250000006 0.5925 0.4395234375 0.617375 0.4395234375 0.617375 0.41753906250000006
0 0.617375 0.321171875 0.59428125 0.321171875 0.59428125 0.346265625 0.617375 0.346265625 0.617375 0.321171875
0 0.61825 0.295859375 0.5949375 0.295859375 0.5949375 0.321390625 0.61825 0.321390625 0.61825 0.295859375
0 0.7419296875 0.253453125 0.7115078125000001 0.253453125 0.7115078125000001 0.322734375 0.7419296875 0.322734375 0.7419296875 0.253453125
0 0.7421484375 0.32339843749999997 0.7112890625 0.32339843749999997 0.7112890625 0.36247656250000004 0.7421484375 0.36247656250000004 0.7421484375 0.32339843749999997
0 0.7439375 0.171515625 0.712625 0.171515625 0.712625 0.196828125 0.7439375 0.196828125 0.7439375 0.171515625
0 0.7430390625000001 0.1975 0.7123984375 0.1975 0.7123984375 0.22659375 0.7430390625000001 0.22659375 0.7430390625000001 0.1975
0 0.71440625 0 0.71440625 0.0325234375 0.7439375 0.0325234375 0.7439375 0 0.71440625 0
0 0.743703125 0.0329765625 0.713953125 0.0329765625 0.713953125 0.07027343750000001 0.743703125 0.07027343750000001 0.743703125 0.0329765625
0 0.743703125 0.0705 0.713734375 0.0705 0.713734375 0.1046875 0.743703125 0.1046875 0.743703125 0.0705
0 0.7441484375 0.1053515625 0.7130703125 0.1053515625 0.7130703125 0.1466484375 0.7441484375 0.1466484375 0.7441484375 0.1053515625
0 0.7643515625 0 0.7643515625 0.01565625 0.8049921875000001 0.01565625 0.8049921875000001 0 0.7643515625 0
0 0.8049843750000001 0.0167578125 0.764578125 0.0167578125 0.764578125 0.0367421875 0.8049843750000001 0.0367421875 0.8049843750000001 0.0167578125
0 0.798546875 0.08825 0.765015625 0.08825 0.765015625 0.10490625 0.798546875 0.10490625 0.798546875 0.08825
0 0.7983203125 0.1055703125 0.7652421875 0.1055703125 0.7652421875 0.1255546875 0.7983203125 0.1255546875 0.7983203125 0.1055703125
0 0.8105390625 0.16219531250000002 0.7652421875 0.16219531250000002 0.7652421875 0.1806171875 0.8105390625 0.1806171875 0.8105390625 0.16219531250000002
0 0.8063203124999999 0.18062499999999998 0.7652421875 0.18062499999999998 0.7652421875 0.21637499999999998 0.8063203124999999 0.21637499999999998 0.8063203124999999 0.18062499999999998
0 0 0.5142187500000001 0.021875 0.5142187500000001 0.021875 0.49640625 0 0.49640625 0 0.5142187500000001
0 0.4976533109375 0 0.4978026984375 0.011801521875 0.50297115 0.0134687640625 0.50297115 0.029807740625000002 0.597503796875 0.0303079125 0.597503796875 0.0001308234375 0.5646591203125 0.0002975484375 0.5646548078125 0 0.4976533109375 0
0 0.49746925 0.059484656250000004 0.5031378734375 0.06448638281249999 0.5648258453125 0.06498655625000001 0.5646591203125 0.0576506890625 0.597670521875 0.0578174125 0.597670521875 0.030474637500000002 0.5031378734375 0.0301411890625 0.50297115 0.0429789546875 0.49713580156250003 0.046313440625 0.49746925 0.059484656250000004
0 0.5031378734375 0.10233278750000001 0.59817069375 0.102999684375 0.5986708671875001 0.07582363125 0.5648258453125 0.07582363125 0.5648258453125 0.06498655625000001 0.5031378734375 0.06448638281249999 0.50297115 0.0689879375 0.49746925 0.072322421875 0.497302525 0.084826740625 0.50297115 0.088994846875 0.5031378734375 0.10233278750000001
0 0.49663562812500006 0.12850849375 0.5019708046875 0.133343496875 0.502137528125 0.14151298437499998 0.56349205 0.143013503125 0.5636587750000001 0.1301757359375 0.597503796875 0.1301757359375 0.59817069375 0.1033331328125 0.5026377015625 0.10249951093750001 0.5026377015625 0.1115026203125 0.496802353125 0.11650434843749999 0.49663562812500006 0.12850849375
0 0.4949683859375 0.17719197343749998 0.5013039078125 0.18102663125000001 0.50147063125 0.1930307765625 0.5966701750000001 0.19353095 0.5965034515625 0.165854725 0.564492396875 0.1660214484375 0.564492396875 0.15501764843750002 0.5018040796875 0.1546842 0.5011371828125 0.1593524796875 0.49513510937499994 0.1620200671875 0.4949683859375 0.17719197343749998
0 0.493968040625 0.221874071875 0.5009704593750001 0.22754269531250002 0.56349205 0.2277094203125 0.5636587750000001 0.221540621875 0.5968369 0.22170734687500002 0.5966701750000001 0.19353095 0.5013039078125 0.1938643984375 0.5011371828125 0.2033676796875 0.493801315625 0.2082026828125 0.493968040625 0.221874071875
0 0.4921340734375 0.270057378125 0.5001368375 0.274058759375 0.5001368375 0.2773932453125 0.5633253265625 0.2793939359375 0.5633253265625 0.2705575515625 0.59550310625 0.270224103125 0.59550310625 0.24138080781250001 0.5009704593750001 0.24021373750000002 0.5003035609375 0.250717365625 0.49196735 0.257553059375 0.4921340734375 0.270057378125
0 0.4998033890625 0.3195744796875 0.5945027609375 0.321074996875 0.5951696578125001 0.2892306671875 0.5633253265625 0.289564115625 0.5633253265625 0.27856031406250004 0.5004702859375 0.2778934171875 0.500637009375 0.2815613515625 0.49280097031250003 0.2862296296875 0.4921340734375 0.296233084375 0.49997011249999995 0.301734984375 0.4998033890625 0.3195744796875
0 0.49997011249999995 0.35925485 0.56232498125 0.36058864375 0.56232498125 0.3504184640625 0.5941693124999999 0.35058518906249997 0.594836209375 0.320574825 0.5001368375 0.32007465156250003 0.4996366640625 0.33207879687499997 0.4923007984375 0.3380808703125 0.49196735 0.3472507046875 0.5001368375 0.35175225781249997 0.49997011249999995 0.35925485
0 0.4996366640625 0.4169414390625 0.593335690625 0.41727488749999997 0.593502415625 0.38926521406250003 0.5626584296875 0.388765040625 0.562825153125 0.37576054999999997 0.5001368375 0.3752603765625 0.49997011249999995 0.3789283109375 0.49196735 0.3844302109375 0.4921340734375 0.393099871875 0.4996366640625 0.3982683234375 0.4996366640625 0.4169414390625
0 0.49997011249999995 0.45428767031249995 0.56215825625 0.45428767031249995 0.56215825625 0.4452845609375 0.5923353453125 0.44578473281250003 0.5925020703125 0.41727488749999997 0.49997011249999995 0.4176083359375 0.4998033890625 0.42961248124999996 0.49196735 0.4336138640625 0.49180062500000005 0.44345059375 0.49997011249999995 0.45011956406250003 0.49997011249999995 0.45428767031249995
0 0.500803734375 0.51530874375 0.49263424687499996 0.5204771953125 0.49263424687499996 0.533981859375 0.50163735625 0.539483759375 0.5013039078125 0.5523215265625 0.49196735 0.5573232531250001 0.49180062500000005 0.5696608484375 0.5011371828125 0.575496196875 0.5009704593750001 0.5828320640625 0.5908348265625001 0.582165165625 0.591168275 0.5486535921875 0.5608244625000001 0.5486535921875 0.5608244625000001 0.533981859375 0.5916684484375 0.533981859375 0.5925020703125 0.478796134375 0.5618248078125 0.47812923749999997 0.5618248078125 0.4687926796875 0.50147063125 0.4686259546875 0.50163735625 0.47179371562499994 0.49363459218749994 0.47646199375 0.49280097031250003 0.48946648593750003 0.500637009375 0.4949683859375 0.500803734375 0.51530874375
0 0.593774184375 0.85498434375 0.5661007578125 0.8551530843749999 0.566606978125 0.8288295796874999 0.5936054453125 0.8288295796874999 0.5936054453125 0.797950084375 0.48004314687500005 0.798118825 0.48071810781249996 0.8843451765625 0.593942925 0.8850201375 0.593774184375 0.85498434375
0 0.5888807125 0.8968319671874999 0.54686435 0.8966632265625 0.5466956093750001 0.8850201375 0.480380628125 0.8850201375 0.4802118875 0.9353047812499999 0.589049453125 0.9353047812499999 0.5888807125 0.8968319671874999
0 0.5461893890625 0.9658467953125 0.5883744921875 0.9658467953125 0.5883744921875 0.935136040625 0.48071810781249996 0.9353047812499999 0.4802118875 0.9790085484375 0.5461893890625 0.9790085484375 0.5461893890625 0.9658467953125
0 0.5728515625 1 0.5728515625 0.9889609374999999 0.4878046875 0.9889609374999999 0.4878046875 1 0.5728515625 1
0 0.9135086828125001 0.8559491828124999 0.9319347421874999 0.8559491828124999 0.939480653125 0.867531278125 0.961942896875 0.8671803046875001 0.9698397796875 0.85630015625 0.9810709015624999 0.85612466875 0.9812463875 0.846823896875 0.988967784375 0.840506390625 0.9886168109375 0.8271694328124999 0.9808954156249999 0.826116515625 0.980719928125 0.8194480375 0.9926529953125 0.8194480375 0.992477509375 0.795932875 0.8473503546875 0.795406415625 0.8469993828125 0.8429631984375 0.9135086828125001 0.8433141703125001 0.9135086828125001 0.8559491828124999
0 1 0.7241589859374999 0.9886168109375 0.7241589859374999 0.9886168109375 0.6990644484375 0.9245643187500001 0.6990644484375 0.9245643187500001 0.7071368171875 0.8796398312499999 0.7069613312499999 0.8789378859375001 0.7653982625 0.923160428125 0.7661002078125 0.9235114015624999 0.7813675140624999 0.9872129218750001 0.781192028125 0.9870374343749999 0.75276325 1 0.75276325 1 0.7241589859374999
0 0.788984375 0.472265625 0.762109375 0.472265625 0.762109375 0.610359375 0.788984375 0.610359375 0.788984375 0.472265625
0 1 0.47595312500000003 0.7894140625 0.47595312500000003 0.7894140625 0.503046875 1 0.503046875 1 0.47595312500000003
0 0.9157890625 0.41178125000000004 0.8975859375 0.41178125000000004 0.8975859375 0.44234375000000004 0.9157890625 0.44234375000000004 0.9157890625 0.41178125000000004
0 0.7898515625 0.4395234375 0.7633984375 0.4395234375 0.7633984375 0.47269531249999996 0.7898515625 0.47269531249999996 0.7898515625 0.4395234375
0 0.789421875 0.40549999999999997 0.764703125 0.40549999999999997 0.764703125 0.43996874999999996 0.789421875 0.43996874999999996 0.789421875 0.40549999999999997
0 0.79071875 0.37840625 0.7640625 0.37840625 0.7640625 0.4050625 0.79071875 0.4050625 0.79071875 0.37840625
0 0.7909375 0.347609375 0.76384375 0.347609375 0.76384375 0.378390625 0.7909375 0.378390625 0.7909375 0.347609375
0 0.79071875 0.3194375 0.7640625 0.3194375 0.7640625 0.34762499999999996 0.79071875 0.34762499999999996 0.79071875 0.3194375
0 0.7909296875 0.2856171875 0.7646953125 0.2856171875 0.7646953125 0.3190078125 0.7909296875 0.3190078125 0.7909296875 0.2856171875
0 0.7902890625000001 0.252453125 0.7640546875 0.252453125 0.7640546875 0.286046875 0.7902890625000001 0.286046875 0.7902890625000001 0.252453125
0 0.7907109375 0.2160234375 0.7649140625 0.2160234375 0.7649140625 0.2528828125 0.7907109375 0.2528828125 0.7907109375 0.2160234375
0 0.9019296875 0.180046875 0.8763515625 0.180046875 0.8763515625 0.206703125 0.9019296875 0.206703125 0.9019296875 0.180046875
0 0.9025703125 0.14015625 0.8763359375 0.14015625 0.8763359375 0.16465625 0.9025703125 0.16465625 0.9025703125 0.14015625
0 0.9027890624999999 0.1026484375 0.8769921875 0.1026484375 0.8769921875 0.1282265625 0.9027890624999999 0.1282265625 0.9027890624999999 0.1026484375
0 0.9030078125 0.063859375 0.8774296874999999 0.063859375 0.8774296874999999 0.090515625 0.9030078125 0.090515625 0.9030078125 0.063859375
0 0.90321875 0.016375 0.87915625 0.016375 0.87915625 0.044125 0.90321875 0.044125 0.90321875 0.016375
0 1 0.0168004625 0.902994559375 0.0158896125 0.902994559375 0.0439273828125 0.939115290625 0.044179974999999996 0.939115290625 0.0502421953125 1 0.0502421953125 1 0.0168004625
0 1 0.06574869531250001 0.9040049296875001 0.0636295984375 0.902994559375 0.0909095921875 0.9375997359375001 0.0919199625 0.9373471421874999 0.098234775 1 0.09960530625 1 0.06574869531250001
0 1 0.10485929218750001 0.90349974375 0.1037918109375 0.902994559375 0.127282915625 0.9373471421874999 0.1287984703125 0.9368419578125 0.134860690625 1 0.136041215625 1 0.10485929218750001
0 1 0.142486896875 0.9032471515625 0.1399125421875 0.9022367812500001 0.1649192015625 0.9368419578125 0.1669399421875 0.93709455 0.173507346875 1 0.1744964265625 1 0.142486896875
0 1 0.1808105734375 0.9024893734375 0.179316975 0.9022367812500001 0.207102153125 0.9383575125 0.20785993125000002 0.9381049203125 0.21720585468750003 1 0.21838107812500002 1 0.1808105734375
0 1 0.22725902812499998 0.9441279984375001 0.22725902812499998 0.9441279984375001 0.2356205078125 0.9156307078125 0.235449865625 0.915460065625 0.256268246875 1 0.257751403125 1 0.22725902812499998
0 1 0.257523634375 0.9149481375 0.25678017343750004 0.9152894234375 0.281693971875 0.9432747859375 0.281693971875 0.9432747859375 0.29005545312500003 1 0.29075403906249997 1 0.257523634375
0 1 0.2903511828125 0.94395735625 0.2893728828125 0.94395735625 0.2955160109375 0.91580135 0.2956866546875 0.9156307078125 0.32111238124999997 1 0.32274342031250003 1 0.2903511828125
0 1 0.322510503125 0.9147774953125 0.3216243078125 0.9149481375 0.343807828125 0.9446399265625001 0.343807828125 0.9446399265625001 0.35131609531249997 1 0.3521403140625 1 0.322510503125
0 1 0.352241025 0.94481056875 0.351145453125 0.94481056875 0.358653721875 0.9147774953125 0.3584830796875 0.91511878125 0.3811785265625 1 0.3823594828125 1 0.352241025
0 1 0.3822568296875 0.9149481375 0.3815198109375 0.9149481375 0.4033620453125 0.9446399265625001 0.4035326890625 0.944469284375 0.41052902968750005 1 0.41216629843749997 1 0.3822568296875
0 1 0.41220972656250005 0.9441279984375001 0.41069967187499995 0.9441279984375001 0.4166721578125 0.91580135 0.41616022968750005 0.9152894234375 0.44278045468749994 1 0.44394486093749996 1 0.41220972656250005
0 1 0.443658284375 0.9152894234375 0.44278045468749994 0.914606853125 0.465987828125 0.9434454296875 0.46649975625 0.943616071875 0.47554380625 1 0.47595238437500004 1 0.443658284375
0 0.2305735046875 0.8699221546875 0.29953855156250003 0.87116636875 0.29936080781249996 0.835084140625 0.1644523765625 0.8331289453125 0.1644523765625 0.8603239265625 0.2305735046875 0.8605016703125001 0.2305735046875 0.8699221546875
0 0.29936080781249996 0.796691228125 0.23217320937500002 0.795980246875 0.23217320937500002 0.8048674953124999 0.16516335625 0.8038010265625 0.1648078671875 0.833306690625 0.29953855156250003 0.8352618859375 0.29936080781249996 0.796691228125
0 0.23128448437500002 0.795980246875 0.29936080781249996 0.7961579921874999 0.2991830625 0.760253509375 0.1640968859375 0.7604312546875 0.16427463125 0.78638201875 0.23128448437500002 0.786737509375 0.23128448437500002 0.795980246875
0 0.23075125000000002 0.718305696875 0.2309289953125 0.7254154953125 0.1640968859375 0.7250600046875 0.16427463125 0.760253509375 0.2991830625 0.7604312546875 0.2986498265625 0.7186611859375 0.23075125000000002 0.718305696875
0 0.23039575937499998 0.7181279515625001 0.29811659218750003 0.71883893125 0.29811659218750003 0.679201803125 0.1630304171875 0.679024059375 0.1635636515625 0.7081742328125 0.23039575937499998 0.709240703125 0.23039575937499998 0.7181279515625001
0 0.2305735046875 0.6452525140625001 0.23075125000000002 0.6525400578125 0.163741396875 0.6525400578125 0.163741396875 0.679201803125 0.2982943375 0.6793795484375 0.297938846875 0.6452525140625001 0.2305735046875 0.6452525140625001
0 0.2974056125 0.613080675 0.16214169218750002 0.6123696953125 0.1623194375 0.639031440625 0.23075125000000002 0.639031440625 0.2305735046875 0.6452525140625001 0.2975833578125 0.6450747703124999 0.2974056125 0.613080675
0 0.2974140625 0.5745078125 0.1626796875 0.5745078125 0.1626796875 0.6130859375 0.2974140625 0.6130859375 0.2974140625 0.5745078125
0 0.229862525 0.5746877625 0.297050121875 0.575043253125 0.297050121875 0.5242081921875 0.1608974765625 0.5261633859375 0.1608974765625 0.5549580703125 0.229507034375 0.5547803265625 0.229862525 0.5746877625
0 0.22932929062500002 0.5247414265625 0.32282314375 0.524030446875 0.3226453984375 0.47710577499999995 0.24994770625 0.477639009375 0.2503031953125 0.5009236015625 0.2291515453125 0.501279090625 0.22932929062500002 0.5247414265625
0 0.3230008875 0.41844993593749996 0.25794622968750003 0.41827219062500004 0.25794622968750003 0.42715943906250003 0.2197310609375 0.42715943906250003 0.21937557187499998 0.44600040625000004 0.32282314375 0.44564491562499997 0.3230008875 0.41844993593749996
0 0.25759073906249996 0.47710577499999995 0.3226453984375 0.4763947953125 0.32317863281250003 0.44600040625000004 0.21937557187499998 0.44635589531250003 0.2191978265625 0.464663628125 0.2574129953125 0.46484137187499996 0.25759073906249996 0.47710577499999995
0 0 0.4407822546875 0.0210874546875 0.4406020203125 0.020371559375 0.35636502187499997 0 0.35636502187499997 0 0.4407822546875
0 0 0.1596897203125 0.030995731250000002 0.160335465625 0.031241157812499996 0.09897885468749999 0.02265123125 0.09897885468749999 0.024123790625 0.030995731250000002 0 0.030343735937499998 0 0.1596897203125
0 0.30135974375 0.0061278703125 0.23867234843750001 0.0059561250000000005 0.23884409374999999 0.0200393203125 0.16447795 0.0203828125 0.163790965625 0.041335859375 0.3017032359375 0.041679353125 0.30135974375 0.0061278703125
0 0.236954884375 0.0777460734375 0.3017032359375 0.0779178203125 0.30118799687500003 0.04150760625 0.1632757265625 0.0418510984375 0.1632757265625 0.0655520875 0.23712663125 0.06589557968750001 0.236954884375 0.0777460734375
0 0.3020467296875 0.0782613125 0.2376418703125 0.07757432812500001 0.23747012343749999 0.089424821875 0.16396271093749998 0.089253075 0.16310397968749998 0.11209533125 0.3017032359375 0.112267078125 0.3020467296875 0.0782613125
0 0.236954884375 0.15039475468750002 0.30135974375 0.1510817390625 0.30135974375 0.11209533125 0.1627604875 0.1129540625 0.1620735015625 0.13940299218750002 0.236954884375 0.13991823125 0.236954884375 0.15039475468750002
0 0.301531490625 0.15125348593750002 0.237813615625 0.1510817390625 0.2376418703125 0.16069953125 0.1622452484375 0.161043025 0.1624169953125 0.18680496875 0.30187498281249997 0.18852243125 0.301531490625 0.15125348593750002